1
3685
1153
4788
899
579
5534
177
4547
7114
3919
7819
2344
5462
1645
16
6265
741
19
8383
21
22
3590
24
25
4281
27
7269
413
7668
31
32
6941
1834
35
2836
4110
38
39
40
41
5867
8554
3963
45
2688
5718
48
2286
4624
4755
52
3736
5328
55
8702
806
58
59
1004
61
4005
3772
2255
65
66
8486
68
69
70
3713
72
2552
74
2829
76
77
78
710
80
81
82
83
84
5812
5664
87
88
89
90
5739
5731
93
94
5536
351
424
98
99
100
101
102
103
104
105
7636
107
108
4170
110
111
112
113
6503
2222
116
6468
1428
119
2224
121
1122
123
124
3360
1061
4262
128
129
1404
131
132
3812
134
135
1810
137
138
139
1210
141
142
7470
5752
145
146
9144
7685
3796
150
5258
5863
8196
154
8390
1947
157
158
159
474
161
162
163
164
8092
166
167
7402
169
3987
171
625
173
174
4249
176
8
178
179
180
181
182
183
2762
185
2966
187
7246
189
190
191
192
193
6816
4536
4655
1032
198
199
8902
1965
202
203
5840
1203
206
207
208
209
210
211
212
6501
214
215
216
7879
218
219
220
221
6364
223
9129
225
9224
2168
228
5529
230
231
232
3608
234
5264
1617
7943
238
239
240
241
242
243
244
245
246
247
248
3304
250
251
252
253
7333
6580
8685
257
258
259
260
3052
262
263
264
265
266
267
5819
269
8576
271
272
273
4106
4269
276
277
278
279
280
3061
282
283
284
285
1354
9265
9128
289
290
1853
292
293
294
295
7126
297
6141
299
300
301
302
303
304
305
306
307
308
309
1155
1870
312
313
7660
315
316
6850
318
7029
320
321
322
8431
324
325
326
327
328
329
330
331
332
333
5823
5907
336
337
338
339
340
1443
342
343
344
9241
7607
347
348
7823
350
96
352
353
354
355
1250
357
7692
359
360
361
362
363
364
856
366
8236
368
369
370
371
372
373
374
5170
9353
377
378
379
380
381
382
465
384
385
386
387
388
389
390
1186
392
8427
394
395
6666
397
398
3362
400
401
402
9398
5466
405
406
407
1085
2377
4641
411
412
29
414
415
416
417
418
4545
420
711
422
423
97
425
1143
427
428
6347
8841
431
432
7539
434
435
1068
437
438
439
440
441
442
443
444
445
446
447
448
449
450
451
452
5744
454
3286
456
457
458
459
460
461
462
463
464
383
466
467
468
469
470
471
472
473
160
475
476
477
478
479
480
481
557
483
484
485
8881
487
488
489
490
9461
492
493
494
495
496
497
498
499
500
501
502
503
504
505
506
4521
508
509
510
8215
512
513
514
515
516
4001
518
519
520
521
522
523
524
525
526
1193
528
1275
530
531
532
533
534
535
536
537
6086
8304
9537
541
5706
543
813
545
546
9546
548
549
550
551
552
553
554
5146
556
482
558
559
560
561
562
721
564
565
566
567
568
1233
9402
571
4939
573
574
575
576
577
578
6
580
581
582
4629
584
585
586
587
588
589
590
591
592
593
4437
595
3436
597
598
599
600
601
602
603
604
605
606
607
608
609
610
922
612
613
614
615
616
617
2021
619
9117
5546
622
623
624
172
626
627
628
629
1644
631
9625
5671
1561
635
636
637
7762
639
640
5702
642
3680
644
645
646
5811
648
649
650
651
652
653
654
655
656
657
658
659
660
2159
662
663
664
665
666
667
668
669
670
671
672
673
674
675
676
677
9452
679
6151
681
682
683
5246
685
686
687
6072
689
690
691
692
693
694
695
696
697
698
6889
700
701
702
2783
5272
705
3275
707
708
709
79
421
712
713
714
715
716
717
718
719
720
563
722
723
724
3140
726
727
728
5942
730
731
9068
733
840
735
736
737
738
739
740
18
742
743
744
745
982
747
748
6782
750
751
752
753
7091
755
756
9666
758
759
760
761
762
763
764
765
766
9106
768
769
770
771
772
8109
7683
775
776
777
778
779
780
781
1152
783
784
785
786
787
788
789
790
8131
792
793
794
795
796
797
798
799
6123
801
802
803
804
805
57
807
808
809
6525
4430
812
544
814
815
816
817
818
819
820
821
822
2781
824
825
826
827
828
2464
6299
831
832
833
834
835
836
837
853
4064
734
841
6039
843
844
845
846
847
7740
5931
850
851
852
838
854
855
365
9031
858
859
860
861
7250
9862
4508
865
866
9323
9540
869
9869
871
872
873
874
875
876
877
878
879
7421
881
882
883
884
885
886
887
888
889
890
1939
892
9498
894
895
896
1476
898
5
900
901
7153
903
904
1258
5164
8642
2503
909
910
9910
912
913
914
915
9051
2606
918
919
9888
921
611
923
924
925
9926
927
928
1497
930
5566
932
933
934
3384
936
937
938
939
940
941
942
943
944
945
946
947
948
949
950
3754
952
953
954
955
956
957
958
959
960
961
7547
963
964
9038
966
967
968
969
970
971
972
973
974
975
976
977
978
979
980
981
746
983
984
985
2590
5638
988
1300
990
7316
992
993
994
995
996
997
998
999
1000
9436
1002
1003
60
3431
1006
1007
1008
1009
9903
1011
1012
1013
8094
8112
7301
1017
1018
1019
1020
9417
1022
1023
1024
1025
1026
1027
1028
8948
1030
5133
197
1033
1034
9485
1036
1037
3367
1039
8473
1041
9992
9292
1044
1045
1046
1047
1048
1049
1050
1051
6916
1053
1054
1055
1056
7703
1058
5371
1060
126
1062
1063
1064
1065
1066
1067
436
1069
1070
1071
1072
1073
9730
1075
1076
1077
1078
1079
1080
6657
1082
1083
1084
408
1086
1087
1088
1089
1090
1091
1092
1093
1094
2616
1545
1097
1098
1099
1100
1452
1102
1103
1104
1105
1106
1107
1108
1109
1110
9083
1112
1113
1114
1115
1116
1117
5568
1119
1120
2609
122
1123
1124
1125
2183
1127
1128
9304
1130
1131
1132
4717
1134
1135
4509
1137
1138
1139
3361
1141
1142
426
1144
1145
3795
1147
1148
1149
1150
1151
782
3
1154
310
9044
1157
3495
1159
1160
1161
1162
1163
1164
4821
1166
1167
1168
1169
1170
1171
1172
7431
1174
1175
1176
1177
1178
1179
1180
1181
1182
1183
1184
1185
391
1187
1188
1189
1190
1191
1192
527
1194
1195
9917
1197
1198
1199
1200
5720
1202
205
1204
1205
1206
9723
1208
1209
140
1211
1212
1213
1214
1215
1216
3171
1218
1219
8270
1221
1222
8463
1224
1225
1226
1227
7175
1229
1230
1231
1232
569
1234
1235
1236
1237
1238
1239
1240
1241
1242
1243
8667
1245
1246
2582
1248
1249
356
1251
1252
1253
1254
1255
1256
1257
905
1259
1260
1261
1262
1263
5756
1265
1266
1267
1268
1269
1270
1271
1272
1273
1274
529
1276
1277
1278
1282
1280
4893
1279
4776
9971
1285
1286
9756
4519
1289
1290
1291
1292
1293
1294
1295
1296
1297
1298
1299
989
1301
1302
1303
1304
9032
1306
1307
1308
1309
1310
5882
1312
1313
1314
1315
1316
2822
1318
1319
1320
7408
1322
8843
1324
1325
4444
7080
3138
1329
8272
1331
1332
1333
9042
1335
1336
1337
1338
1339
1846
1629
1342
1343
1344
1345
1346
2121
1348
1643
1350
1351
1352
1838
286
1355
4062
1357
1358
1359
1585
1361
1362
1363
1364
1365
1366
1367
1368
1369
1370
1371
1372
1373
1374
1375
1376
1377
6297
1379
1380
1381
1382
1383
1384
2257
1386
1387
1388
1389
1390
1391
1392
1393
1394
1395
1396
1397
9831
1399
1924
1401
1402
1403
130
1405
1406
1407
1408
1409
1410
1411
1412
1413
3875
7229
1416
3517
1418
1419
1420
5426
1422
1423
1424
1425
1426
1427
118
1429
1430
2708
1432
1433
1434
1435
1436
1437
1438
1439
1440
1441
1442
341
5827
9991
1446
1447
1448
1449
1450
1451
1101
1453
1454
1455
5075
1457
1458
9347
9942
1461
1462
6394
1464
1465
1466
9657
1468
1469
4878
1471
1472
1473
1474
4436
897
1477
1478
2727
1480
1481
1482
1483
1484
1485
1486
4778
1488
1489
1490
1491
1492
1493
1494
1495
1496
929
1498
1499
1500
1501
1502
1503
1504
1505
1506
3429
1508
1509
1510
1511
1512
1513
1514
1515
1516
1517
8106
1519
1520
1521
1522
1523
1524
8523
1526
1527
9986
8828
1530
2070
1532
1533
1534
1535
1536
1537
1538
1652
1540
1541
9656
1543
1544
1096
1546
1547
1548
9166
2563
1551
1552
1553
1554
1555
1556
1557
4842
1559
1560
634
1562
3895
1564
1565
1566
1567
1568
1569
1570
1571
1572
1573
1574
1575
3890
1577
1578
1579
1580
1581
1582
1583
8944
1360
1586
1587
1588
1589
1590
1591
1592
1593
1594
9192
9673
1597
1598
5937
1600
1601
1602
1603
1604
9766
1606
1607
1608
1609
1610
1611
1612
1613
1614
1615
8703
236
1618
1619
1620
1621
1622
1623
1624
9968
1626
8679
1628
1341
1630
1631
1632
6209
1634
2230
1636
1637
1638
1639
6428
1641
1642
1349
630
15
1646
1647
1648
1649
1650
6493
1539
1653
1654
1925
9276
1657
1658
1659
1660
1661
1662
9941
1664
1665
7231
1667
1668
1669
1670
3372
1672
1673
1674
1675
1676
1677
1678
1679
6785
1681
1682
1683
1684
1685
1686
1687
1688
1689
1690
8761
1692
1693
7816
1695
1696
1697
1698
1699
1700
1701
1702
1703
1704
1705
1706
1707
1708
1709
1710
1711
1712
1713
1714
1715
1716
1717
1738
1719
1720
1721
1722
1723
1724
1725
1726
1727
1728
1729
7370
1731
9420
1733
1734
1735
1736
1737
1718
1739
1740
1741
1742
1743
1744
8925
1746
1747
1748
1749
1750
1751
1752
1753
4840
1755
1756
2402
1758
1759
1760
4373
1762
1763
1764
7503
1766
1767
1768
1769
1770
1771
1772
1773
1774
1775
1776
1777
1778
1779
1780
1781
1782
3387
1784
1785
1786
1787
1788
1789
1790
1791
1792
1793
1794
1795
1796
1797
1798
1799
1800
1801
1802
2535
1804
1805
1806
9086
1808
9229
136
1811
1812
1813
1814
7159
1816
1817
1818
1819
1820
1821
1822
6825
1824
1825
1826
1827
1828
8047
1830
1831
1832
1833
34
1835
1836
1837
1353
1839
5157
1841
1842
1843
1844
2610
1340
1847
1848
9765
9391
1851
1852
291
1854
2605
5213
1857
1858
3325
1860
1861
7664
1863
1864
1865
1866
1867
1868
1869
311
1871
1872
1873
1874
1875
1876
1877
1878
8105
1880
1881
1882
1883
1884
1885
1886
1887
1888
8782
1890
1891
1892
1893
1894
1895
1896
1897
1898
1899
9990
1901
1902
1903
1904
1905
9501
1907
7884
1909
1910
1911
1912
1913
9602
1915
1916
1917
1918
1919
1920
1921
1922
1923
1400
1655
9924
1927
1928
1929
1930
4178
1932
1933
1934
1935
1936
1937
1938
891
1940
1941
1942
1943
1944
1945
1946
156
1948
9091
1950
5231
2885
1953
6357
1955
1956
1957
1958
1959
1960
1961
4479
1963
1964
201
1966
1967
1968
1969
1970
8749
1972
1973
1974
1975
1976
1977
1978
1979
1980
1981
1982
1983
1984
1985
1986
1987
1988
1989
1990
1991
1992
1993
1994
1995
1996
1997
4069
8354
2000
2001
2002
2003
2004
2005
2006
2007
2008
2009
2010
2011
2012
2013
2014
2015
2016
2017
2018
2019
2020
618
2022
2023
2821
2025
2026
2027
2028
2029
2030
7829
2032
2033
2034
2035
2036
2037
2038
2039
2040
2041
2042
5211
5713
2045
2046
2047
7349
2049
2050
2051
2052
2053
2054
2055
2056
4600
2058
2059
2060
2061
2062
2063
2064
2065
2066
2067
2068
2069
1531
2071
2072
6717
2074
2075
2076
2077
2078
2079
2080
2081
2082
2083
2084
2085
5908
2087
2088
6531
2090
2091
2092
2093
2094
2095
2096
2097
2098
2099
2100
2101
2102
2103
2104
2105
2106
2107
3973
3322
2110
2111
2112
2113
2114
2115
2116
2117
2118
2119
2120
1347
7072
2123
2124
2125
2126
2127
2128
2129
2130
2131
2132
2133
2134
2135
2136
8682
2138
2139
2140
2141
2142
2143
2144
2145
2146
2147
2148
2149
2150
2151
6557
2153
2154
2155
2156
2157
2158
661
2160
2161
2162
2163
2164
2165
2166
2167
227
2169
2170
2171
8594
2173
2174
2175
2176
2177
2178
2179
2180
2181
2182
1126
2184
2185
2186
2187
2188
2189
8917
7857
2192
2193
2194
2195
2196
2197
5825
2199
2200
2201
2202
2203
2204
2205
2206
2207
2208
2209
9127
2211
2212
6414
2214
2215
2216
2217
9830
2219
2220
2221
115
2223
120
9362
2226
2227
2228
2229
1635
2231
2232
2233
2234
2235
2236
2237
2238
3803
2240
2241
2242
2243
2244
2245
2246
2247
2248
5018
2250
2251
4955
2253
2254
64
2256
1385
2258
2259
2260
2261
2262
2263
2264
2265
2266
2267
2268
2269
2270
2271
2272
2273
2274
8647
2276
2277
2278
5357
2280
2281
2282
2283
5410
2285
49
2287
2288
2289
2383
2291
2292
2293
4284
2295
6421
2297
2298
4852
2300
2301
2302
2303
2304
2305
2306
2307
2308
2309
2310
2311
4794
2313
2314
2315
2316
9178
2318
2319
2320
2744
2322
3103
2324
2325
2326
2327
2328
2329
2330
2331
2332
2333
2334
2335
2336
2337
2338
2339
2340
2341
2626
2343
13
2345
2346
2347
7004
2349
2350
2351
2352
2353
2354
2355
2356
2357
4318
2359
2360
2361
2362
2363
2364
2365
2366
2367
2368
2369
2370
2371
8555
2373
9930
8046
2376
409
2378
2379
2380
6068
2382
2290
2384
2385
2386
3380
2388
2389
2390
2391
2392
2393
2394
2395
2396
2397
2398
2399
3613
2401
1757
2403
2404
2405
2406
2407
3311
2409
2410
2794
2412
2413
5511
2415
2416
2417
2418
2419
2420
2421
2422
2423
2424
2425
7792
7339
2428
5382
2430
2431
8865
2433
2434
2435
2436
2437
2438
2439
2440
2441
2442
9932
3951
3527
2446
2447
2448
2449
2450
2451
2452
2453
2454
2455
2522
3032
2458
2459
2460
2461
2462
2463
829
2465
2466
9547
2468
2469
2470
2471
2472
2473
2474
2475
2476
2477
7263
9442
2480
2481
2482
2483
2484
2485
2486
2487
9743
2489
2490
2491
7214
2493
2494
2495
2496
2497
2498
2499
2500
2501
2502
908
2504
2505
2506
2507
2508
2509
6968
2511
2512
2513
2514
2515
2516
9180
2518
2519
2520
2521
2456
2523
7274
2525
2526
2527
2528
2529
2530
2531
7699
2533
2534
1803
2536
2537
2538
2539
2540
8614
2542
2543
2544
2545
3982
2547
8778
2549
2550
2551
73
2553
2554
2555
2556
2557
2558
2559
2560
2561
2562
1550
2564
2565
2566
2567
2568
2569
2570
2571
2572
2573
2574
2575
2576
2577
9216
2579
2580
2581
1247
2583
5829
2585
2586
2587
2588
2589
986
2591
2592
2593
2594
2595
2596
2597
9275
2599
2600
2601
2602
2603
2604
1855
917
2607
2608
1121
1845
2611
2612
2613
2614
2615
1095
2617
2618
2619
2620
2621
2622
2623
2624
2625
2342
2627
2628
8081
2630
2631
2632
2633
2634
2635
2636
2637
8756
2639
2640
2641
2642
2643
8217
2645
2646
2647
2648
2649
2650
2651
2652
2653
2654
2655
2656
2657
2658
6607
2660
2661
2662
2663
2664
7094
2666
2667
2668
2669
2670
2671
2672
2673
2674
2675
4695
2677
2678
2679
2680
4257
4076
2683
2684
2685
2686
2687
46
2689
2690
2691
2692
2693
2694
8352
2696
2697
2698
2699
2700
2701
2702
2703
2704
2705
9902
2707
1431
2709
2710
2711
2712
2713
2714
2715
5307
2717
2718
3877
2720
2721
2722
2723
2724
2725
8585
1479
2728
2729
2730
2731
2732
2733
2734
2735
2736
2737
2738
2739
2740
2741
8588
2743
2321
2745
2746
2747
6824
2749
2750
2751
2752
2753
2754
2755
3758
2757
2758
6250
2760
2761
184
2763
2764
2765
2766
2767
7733
2769
2770
2771
2772
2773
2774
2775
2776
2777
2778
2779
2780
823
2782
703
2784
3748
2786
2787
3932
2789
2790
2791
2792
2793
2411
2795
2796
2797
2798
2799
2800
2801
8591
2803
2804
2805
2806
2807
6899
2809
2810
2811
2812
2813
4452
2815
2816
2817
2818
2819
2820
2024
1317
2823
2824
2825
2826
5615
2828
75
2830
2831
8433
2833
2834
2835
36
2837
2838
2839
2840
2841
2842
2843
2844
2845
2846
2847
2848
2849
2850
2851
2852
2853
8815
2855
2856
2857
2858
2859
2860
2861
2862
2863
2864
3192
2866
2867
7282
2869
2870
9826
2872
2873
2874
2875
2876
2877
2878
4603
2880
2881
2882
2883
2884
1952
2886
2887
6433
2889
2890
2891
2892
2893
3110
2895
2896
2897
2898
9972
2900
8135
2902
2903
2904
2905
2906
2907
2908
2909
2910
2911
7224
2913
2914
9936
8847
2917
2918
2919
2920
2921
4879
2923
2924
2925
9467
5080
2928
2929
2930
2931
2932
2933
8417
2935
2936
2937
2938
2939
2940
2941
2942
2943
2944
2945
2946
2947
2948
2949
2950
2951
2952
2953
2954
2955
4594
2957
2958
2959
2960
2961
2962
2963
2964
2965
186
2967
2968
4172
2970
2971
2972
9989
2974
2975
2976
2977
2978
2979
6132
2981
2982
2983
8237
2985
2986
2987
2988
2989
2990
2991
2992
2993
2994
2995
2996
2997
2998
2999
3000
3001
5114
8920
3004
8413
6055
3007
3008
3009
3010
3011
3012
3013
3014
3015
3016
8290
3018
3019
3020
3021
3022
3023
3518
9672
3026
3027
3028
3029
3030
3031
2457
3033
3034
3035
3036
3337
3038
3039
3040
3041
3042
3043
3044
3045
3046
3047
3048
3049
3050
3051
261
3053
3054
3055
3056
3057
3058
3059
3060
281
3062
3063
3064
3065
3066
3067
3068
3069
3070
9286
3072
3073
3074
3075
3076
3077
3078
3320
3080
3081
3082
3083
3084
3085
3086
3087
3088
7118
3090
3091
3092
3093
3094
3095
3096
3097
3098
3099
7486
6302
3102
2323
3104
3105
3106
3107
3108
3109
2894
3111
3112
3113
6866
3115
3116
3117
3118
3119
8200
3121
3122
3123
3124
3125
3126
3127
3128
3129
3130
3131
3132
8073
3134
8329
3136
3137
1328
3139
725
4223
3142
3143
3144
3145
3146
3147
6809
3149
3150
3151
3152
3153
3154
3155
3156
3157
3158
3159
3160
3161
3162
3163
3164
3165
3166
3167
3168
3169
3170
1217
3172
3173
3174
5144
3176
5728
3178
3179
4665
3181
3182
3183
3184
3185
3186
3187
9974
7752
3190
3191
2865
9966
3194
3195
3196
3197
3198
3199
3200
3201
3202
3203
3204
3205
3206
3207
3208
3209
3210
3211
3212
3213
3214
3215
3216
3217
3218
3219
3220
3221
3222
3223
3224
8605
3226
3227
3228
3229
3230
3231
3232
3233
3234
3235
6946
3237
3238
7033
3240
3241
3242
3243
3244
3245
3246
3247
3248
8260
9019
3251
3252
3253
3254
3255
3256
3257
3258
3259
3260
3261
3262
3698
7954
3265
3266
3267
3268
3269
3270
3271
3272
5920
3274
706
3276
3277
3278
3279
3280
3281
3282
3283
3284
3285
455
3287
3288
3289
3290
3291
3292
3293
3294
3295
3296
3297
7767
3299
3300
8229
4037
3303
249
3305
3496
3307
3308
3309
3310
2408
3312
3313
3314
3315
3316
3317
3318
3319
3079
3321
2109
3323
3324
1859
3326
3327
3328
3329
3330
3331
3332
3333
3334
3335
3336
3037
3338
3339
3340
3341
3342
3343
3771
3345
3346
3347
3348
3349
3350
3351
3352
3353
3354
5792
3356
3357
3358
3359
125
1140
399
3363
3364
3365
3366
1038
3368
3369
3370
3371
1671
3373
3374
3375
4809
3377
3378
3379
2387
3381
3382
3383
935
3385
3386
1783
3388
3389
9985
3391
3392
3393
3394
3395
3396
3397
3398
3914
3400
3401
3402
3403
3404
3405
8868
3407
3408
4898
3410
3411
3412
3413
3414
9246
3416
3417
3418
3419
3420
3421
3422
3423
3424
3425
3426
3427
3428
1507
3430
1005
3432
3433
3434
3435
596
3437
3438
3439
3440
6306
3442
3443
3444
8534
3446
3447
3448
3449
3450
3451
3452
3453
3454
3455
3456
3457
3458
3459
3460
3461
3462
5249
3464
3465
3466
7647
3468
7706
3470
3471
3472
3473
3474
3475
5154
3477
9100
7623
3480
9988
4055
3483
5441
3485
3486
9047
3488
3489
3490
3491
3492
3493
3494
1158
3306
3497
3498
3499
3500
3501
6786
3503
3504
3505
3506
3507
3508
3509
3510
5672
3512
3513
6446
3515
6841
1417
3024
3519
3520
3521
3522
9948
7570
7711
3526
2445
5406
3529
3530
3531
3532
3533
3534
9607
3740
3537
3538
3539
3540
3541
3542
3543
3544
3545
3546
3547
3548
9997
3550
3551
3552
3553
3554
3555
4383
3557
3577
3559
3560
3561
8774
4010
8183
3565
3566
3567
3568
9680
3570
8041
3572
3573
3574
3575
3576
3558
3578
3733
3580
4465
3582
3583
3584
3585
3586
3587
3588
3589
23
3591
3592
3593
3594
3595
3596
3597
3598
3599
3600
3601
3602
3603
3604
9686
3606
3607
233
3609
3610
3611
3612
2400
3614
3615
3616
3617
3618
3619
3620
3621
3622
3623
3624
3625
3626
3627
3628
3629
3630
3631
3632
9842
3634
3635
3636
3637
3638
3639
3640
3641
3642
9386
9198
3645
3646
3647
3648
3649
3650
3651
3652
3653
3654
3655
3656
3657
3658
3659
3660
3661
8111
3663
3664
3665
3666
3667
3668
3669
3670
3671
3672
3673
3674
3675
3676
3677
3678
3679
643
3681
3682
3683
9752
2
3686
3687
3688
3689
3690
3691
3692
3693
3694
3695
3696
3697
3263
3699
3700
3701
3702
3703
3704
3705
3706
3707
3708
3709
3710
3711
4164
71
3714
3715
3716
3717
3718
3719
3720
3721
3722
3723
3724
3725
3726
3727
3728
3729
3730
3731
9999
3579
3734
3735
53
3737
3738
3739
3536
3741
3742
3743
3744
9555
3746
3747
2785
3749
3750
3751
3752
3753
951
3755
3756
3757
2756
3759
9889
3761
3762
3763
3764
3765
3766
3767
3768
3769
3770
3344
63
3773
3774
3775
3776
3777
3778
3779
3780
3781
3782
3783
3784
3785
9447
3787
9125
3789
3790
3791
3792
3793
3794
1146
149
3797
3798
3799
3800
3801
3802
2239
3804
3805
3806
3807
3808
3809
3810
3811
133
3813
3814
3815
3816
3817
3818
3819
3820
3821
3822
3823
3824
3825
3826
3827
3828
3829
3830
3831
3832
9689
3834
3835
3836
3837
3838
9562
3840
3841
3842
8156
3844
3845
3846
3847
3848
3849
3850
3851
3852
3853
3854
3855
3856
3857
3858
3859
3860
3861
3862
3863
3864
3865
3866
3867
3868
3869
3870
3871
3872
3873
9450
1414
3876
2719
3878
3879
3880
3881
3882
3883
3884
3885
3886
3887
3888
9021
1576
3891
3892
3893
3894
1563
3896
3897
3898
3899
3900
3901
9227
3903
3904
3905
3906
8755
9089
6539
3910
3911
3912
3913
3399
3915
3916
3917
3918
11
3920
7022
3922
3923
3924
3925
3926
3927
3928
3929
3930
3931
2788
3933
3934
3935
3936
3937
3938
3939
3940
3941
3942
3943
3944
3945
3946
3947
3948
3949
3950
2444
3952
3953
3954
3955
3956
3957
9998
3959
3960
6818
3962
44
3964
3965
3966
3967
3968
3969
3970
3971
3972
2108
8056
3975
3976
3977
3978
3979
3980
3981
2546
3983
3984
3985
3986
170
3988
3989
3990
3991
3992
3993
3994
3995
3996
3997
3998
3999
4000
517
4002
9256
4004
62
4006
4007
4008
4009
3563
4011
4455
4013
4014
4015
4016
4017
4018
4019
4020
4021
4022
4023
7542
4025
4026
4027
4028
4029
4030
4031
4032
4033
4034
4035
4036
3302
4038
4039
4040
4041
4911
9196
4044
6313
4046
4047
4048
4049
4050
4051
4052
4053
8740
3482
9090
4057
6163
4059
4060
4061
1356
5327
839
6309
4066
4067
4068
1998
4070
4071
4072
4421
4074
4075
2682
4077
4078
4079
4080
4081
4082
8321
4084
4085
9918
4087
4088
4089
4090
6412
4092
4093
7744
4095
4096
4097
4098
4099
4100
4101
4102
4103
8758
4105
274
4107
4108
6377
37
4111
4212
4113
7849
4115
4116
4117
4118
4119
4120
5717
4122
4123
4124
4125
4126
4127
4128
4129
4130
4131
4132
4133
4134
4135
4136
4137
4138
5673
4140
4141
4142
4143
4144
4145
8357
4147
4148
4149
4150
4151
4152
7757
4154
4155
8545
4157
4158
4159
4160
6070
4162
4163
3712
4165
4166
4167
4168
4169
109
4171
2969
4173
4174
4175
4176
4177
1931
4179
9095
4181
4182
4183
4184
4185
4186
4187
4188
4189
4190
4191
4192
4193
4194
4195
4196
4197
4198
4199
4200
7677
4202
4203
4204
4205
4206
4207
4208
7950
4210
4211
4112
4213
4214
4215
4216
4217
4218
4219
4220
4221
4222
3141
4224
4225
4226
4227
4228
4229
4230
4231
4232
4233
4234
4235
4236
4237
4238
4239
4240
4241
4242
4243
4244
4245
4246
4247
5761
175
4250
4251
4252
4253
4254
4255
4256
2681
9979
4259
4260
4261
127
4263
4264
4265
4266
4267
4268
275
4270
4271
4272
4273
4274
8103
4276
9864
4278
4279
4280
26
4282
4283
2294
4285
4286
4287
4288
4289
4290
4291
9123
4293
4294
4295
4296
4297
4298
4299
4300
4301
4302
4303
4304
4305
4306
4307
4308
8818
4310
4311
4312
4313
6303
4315
4316
4317
2358
4319
4320
4321
4322
4323
4324
9341
4326
4327
4328
4329
4330
4331
4332
4333
9425
4335
4336
4337
4338
4339
4340
4341
4342
4343
4344
4345
4346
4347
4348
5273
4350
4351
4352
4353
4354
4355
4356
4357
4358
4359
4360
4361
4362
4363
4364
4365
4366
4367
4368
5535
4370
4371
4372
1761
4374
4375
4376
4377
4378
4379
4380
4381
4382
3556
4384
4385
9961
4387
8793
4389
4390
9599
4392
4393
4394
4395
4396
4397
4398
4399
7207
4401
4402
4403
4404
4405
4406
9933
4408
6035
4410
4411
4412
4413
4414
4415
4416
4417
4418
4419
4420
4073
4422
4423
4424
9911
4426
4427
4428
4429
811
4431
4432
4433
4434
4435
1475
594
4438
4439
4440
4441
4442
4443
1326
4445
4446
4447
4448
4449
4450
4451
2814
4453
4454
4012
4456
4457
4458
4459
4460
4461
4462
4463
4464
3581
4466
4467
6117
6553
4470
4471
9424
6807
4474
4475
4476
4477
4478
1962
4480
4481
4482
4483
4484
4485
4486
4487
4488
4489
4490
4491
4492
4493
5453
4495
4496
4497
4498
4499
4500
4501
4502
4503
4504
4505
4506
4507
864
1136
4510
5000
4512
4513
4514
4515
4516
4517
4518
1288
4520
507
4522
9260
4524
4525
4526
4527
4528
4529
4530
9809
4532
4533
8713
4535
195
4537
4538
4539
4540
4541
4542
4543
4544
419
4546
9
4548
4549
4550
4551
7869
4553
4554
4555
4556
4557
4558
4559
4560
4561
4562
4563
4564
4565
4566
4567
4568
4569
4570
4571
4572
4573
4574
4575
4576
4577
4578
6045
4593
4581
4582
9143
9996
4585
8977
4587
4588
4589
4590
4591
4592
4580
2956
4595
6812
4597
8218
4599
2057
4601
4602
2879
4604
5730
9524
4607
4608
4609
9943
4611
4612
4613
4614
4615
4616
4617
4618
4619
4620
4621
4622
4623
50
4625
4626
4627
4628
583
4630
4631
4632
4633
4634
4635
4636
9277
4638
4639
4640
410
4642
8652
4644
4645
4646
4647
4648
4649
4650
4651
4652
8373
4654
196
4656
4657
4658
4659
4660
4661
4662
4663
4664
3180
4666
4667
4668
4669
4670
4671
4672
4673
4674
4818
4676
7638
4678
4679
4680
4681
4682
4683
4684
4685
4686
4687
4688
4689
6933
4691
4692
4693
5319
2676
4696
4697
4698
4699
4700
4701
7017
4703
4704
4705
9136
4707
4708
4709
4710
4711
4712
4713
4714
4715
4716
1133
4718
4719
4720
8055
4722
4723
4724
4725
4726
4727
4728
4729
4730
4731
4732
9788
4734
4735
4736
4737
7200
4739
4740
4741
4742
4743
4744
4745
4746
4747
5835
4749
4750
4751
4752
9145
4754
51
4756
4757
4758
4759
4760
4761
4762
4763
4764
7632
4766
4767
4768
4769
4770
4771
4772
4773
4774
4775
1283
4777
1487
4779
4780
4781
4782
4783
4784
4785
4786
4787
4
6508
4862
4791
4792
4793
2312
4795
4796
4797
4798
4799
4800
4801
4802
4803
4804
4805
4806
4807
4808
3376
4810
4811
4812
4813
4814
4815
4816
4817
4675
4819
4820
1165
4822
4823
4824
4825
4826
4827
4828
4829
4830
4831
4832
4833
4834
4835
4836
4837
4838
4839
1754
4841
1558
4843
4844
4845
4846
4847
4848
4849
4850
4851
2299
4853
8348
4855
4856
4857
6798
4859
4860
4861
4790
4863
4864
4865
4866
4867
4868
4869
4870
4871
4872
5023
4874
4875
4876
4877
1470
2922
4880
4881
8971
4883
9850
4885
4886
5203
9841
7865
4890
4891
4892
1281
4894
4895
4896
4897
3409
4899
4900
4901
4902
4903
4904
4905
4906
6304
4908
4909
4910
4042
4912
4913
4914
4915
4916
8065
4918
4919
4920
4921
4922
4923
4924
4925
4926
4927
4928
4929
5045
8309
6259
6781
4934
4935
4936
4937
4938
572
4940
4941
7560
4943
4944
5086
4946
4947
4948
4949
4950
4951
8541
4953
4954
2252
4956
4957
4958
4959
4960
4961
4962
4963
4964
4965
4966
4967
4968
9674
4970
4971
4972
4973
4974
4975
4976
4977
4978
4979
4980
4981
4982
4983
6822
4985
4986
4987
4988
4989
4990
4991
4992
4993
9634
4995
4996
4997
4998
4999
4511
7807
5002
5003
5004
5005
5006
5007
5008
5009
5010
5011
5012
5013
5014
5015
5016
5017
2249
5019
5020
5021
5022
4873
5024
5025
5026
7913
5028
5029
5030
5031
5032
5033
5034
5035
5036
5037
5038
5039
5040
5041
5042
5043
5044
4930
5046
5047
9359
5049
5050
5051
5052
5053
9873
5055
5056
5057
5058
5059
5060
5061
5062
5063
5064
5065
5066
5067
5068
5069
5070
5071
5072
5073
5074
1456
9705
5077
5078
5079
2927
5081
5082
7375
5084
5085
4945
5087
5088
7187
5090
5091
5092
5093
7572
5095
5096
5097
5098
5099
5100
5101
5102
5103
5104
5105
5106
5107
7174
9525
5110
5111
5112
5113
3002
5115
5116
5117
5118
5119
5120
7670
5122
5123
5124
5125
5126
5127
5128
5129
5130
6537
9955
1031
5134
5135
5136
5137
5138
5139
5140
5141
5142
5143
3175
6335
555
5147
5148
5149
5150
5151
5152
5512
3476
5155
5156
1840
5158
6791
5160
5161
8950
5163
906
5165
5166
5167
5168
5169
375
5171
5172
5173
5174
5175
5176
9621
5178
5179
5180
5181
5182
5183
5184
5185
5186
5187
5188
5189
5190
5191
5192
5193
5194
5579
5196
5197
5198
5199
5200
5201
5202
4887
7045
5205
5206
5207
5208
5209
5210
2043
5212
1856
5214
5215
6216
5217
5218
5219
5220
5221
5222
5223
5224
5225
5226
5227
5228
5229
5230
1951
5232
5233
5234
5235
5236
5643
5238
5239
7025
5241
6483
5243
5244
7832
684
5247
7924
3463
5250
5251
5252
5253
5254
5255
5256
5257
151
5259
5260
5261
5262
5263
235
5265
5266
5267
5268
5269
5270
5271
704
4349
5274
5275
5276
5277
5278
5279
5280
5281
5282
5283
5284
5285
5286
5287
5288
5289
5290
7708
5292
5293
5294
5295
5296
5297
5298
7303
5300
5301
5302
5303
5304
5305
5306
2716
5308
5309
5310
5311
5312
5313
5314
5315
5316
5317
5318
4694
5320
5321
5322
5323
5324
5325
5326
4063
54
5329
5330
5331
5332
5333
5334
5335
5336
5337
5338
5339
5340
5341
5342
5343
5344
5345
5346
9659
5348
5349
5350
5351
5352
5353
5354
5355
6797
2279
5358
5359
5360
5361
5362
5363
5364
5365
5366
5367
5734
7351
5370
1059
5372
5373
5374
5375
5376
5377
5378
5379
5380
5381
2429
5383
5384
5385
5386
5387
5388
5389
5390
5391
5392
5393
5394
5395
5396
5397
5398
5399
5400
9074
5402
5403
5404
5405
3528
5407
5408
5409
2284
5411
5412
8122
5414
5415
9857
5417
5418
5419
5420
5421
5422
5423
5424
5425
1421
5427
7052
5429
5430
5431
5432
5433
5434
5435
5603
5437
5438
5439
5440
3484
5442
5443
5444
5445
5446
5447
5448
5449
5450
5451
5452
4494
7810
5455
5456
5457
5458
7089
5460
9934
14
5463
5464
5465
404
5467
5468
5469
5470
5471
5472
5473
5474
5475
5476
5477
5478
5479
5480
5737
5482
5483
5484
5485
5486
5487
5488
5489
5490
5491
5492
6451
5494
5495
5496
7676
5498
5499
5500
5501
5502
5503
5504
5505
5506
5507
5508
5509
5510
2414
5153
5513
5514
5515
5516
5517
5518
5519
5520
5521
5522
5523
5524
5525
5526
5527
5528
229
5530
5531
5532
5533
7
4369
95
5537
5538
8022
5540
5541
5542
5543
5544
5545
621
9897
5548
5549
5550
5551
5552
5553
6663
5555
5556
5557
5558
5559
5560
5561
5562
5563
5564
7010
931
5567
1118
5569
5570
5571
5572
5573
5574
5575
9390
5577
5578
5195
5580
5581
5582
5583
5584
5585
5586
5587
5588
5589
5590
5591
5592
5593
5594
5595
5596
5597
5598
5599
5600
5601
5602
5436
5604
5605
9975
5607
5608
5609
5610
5611
5612
5613
5614
2827
5616
5617
5618
5619
5620
5621
5622
5623
5624
5625
5626
5627
6185
5629
5630
5631
5632
5633
5634
5635
5636
5637
987
5639
7901
5641
5642
5237
5644
5645
5646
5647
5648
5649
5650
5651
5652
5653
5654
5655
5656
5657
5658
5659
5660
5661
5662
5663
86
5665
5666
5667
5668
5669
5670
633
3511
4139
5674
5675
5676
5677
5678
5679
5680
5681
8678
5683
5684
5685
5686
5687
5688
5689
5690
5691
5692
9778
5694
7619
5696
5697
5698
5699
5700
7900
641
5703
5704
5705
542
5707
5708
5709
5710
5711
5712
2044
5714
5715
5716
4121
47
8353
1201
5721
5722
5723
5724
5725
5726
5727
3177
5729
4605
92
5732
5733
5368
5735
5736
5481
5738
91
5740
5741
5742
8681
453
5745
5746
5747
5748
7075
5750
5751
144
5753
5754
5755
1264
5757
5758
5759
5760
4248
5762
5763
5764
5765
5766
5767
5768
5769
5770
5771
5772
5773
5774
5775
5776
5777
5778
5779
6296
5781
5782
5783
5784
8072
7109
5787
5788
5789
6636
5791
3355
5793
5794
5795
5796
5797
5798
5799
5800
5801
5802
5803
5804
5805
7119
5807
5808
5809
5810
647
85
5813
5814
5815
5816
5817
5818
268
5820
5821
5822
334
5824
2198
9838
1444
5828
2584
5830
5831
5832
5833
5834
4748
7048
5837
5838
5839
204
5841
5842
5843
5844
8981
5846
5847
5848
5849
7765
5851
5852
5853
5854
5855
5856
5857
5858
5859
5860
5861
5862
152
5864
5865
5866
42
5868
5869
5870
5871
5872
5873
8281
5875
5876
5877
5878
5879
5880
5881
1311
5883
5884
5885
5886
5887
5888
5889
5890
5891
5892
5893
5894
5895
5896
5897
5898
5899
6923
5901
5902
5903
5904
5905
5906
335
2086
7908
5910
5911
5912
5913
5914
5915
9502
5917
5918
5919
3273
5921
5922
5923
5924
5925
9980
5927
5928
5929
5930
849
5932
5933
5934
5935
5936
1599
5938
5939
5940
5941
729
7394
7373
5945
5946
5947
5948
5949
5950
5951
9611
5953
5954
5955
5956
5957
5958
5959
5960
5961
5962
5963
5964
5965
5966
5967
5968
5969
5970
5971
5972
5973
5974
5975
5976
5977
5978
5979
5980
5981
5982
5983
5984
5985
5986
5987
5988
9881
5990
5991
5992
5993
5994
5995
5996
5997
9780
5999
6000
6001
6002
6003
6492
6005
6006
6007
6008
6009
6010
6011
6012
6013
6014
6015
6016
6017
6018
6019
6020
6021
6022
6023
6024
6025
6026
6027
6028
6029
6030
6379
6032
6033
6034
4409
6036
6037
6038
842
6040
6041
6042
6043
6044
4579
6046
6047
6048
6049
6050
6051
6052
6053
6054
3006
6056
6057
6058
6059
6060
6061
6062
9790
6064
6065
6066
6067
2381
6069
4161
6071
688
6073
6074
9269
6076
6077
6078
6079
6080
8708
6082
6083
6084
6085
538
8838
6088
6089
6090
6091
6092
6093
6094
9993
6096
6097
6098
6099
6100
6101
6102
6103
6104
6105
6106
6107
6108
6109
6110
6111
6112
6113
7189
6115
6116
4468
6118
6119
6120
6121
6122
800
6124
6125
6126
6127
6128
6129
6130
8444
2980
6133
6134
6135
6136
6137
6138
6139
6140
298
6142
6143
6144
6145
6146
6147
6148
6149
6150
680
6152
6153
6154
6155
6156
6157
6158
6159
6160
6161
6162
4058
6164
6165
6166
6167
6168
6169
6170
6171
6172
6173
7185
6175
6176
6177
6178
6179
6180
6181
6182
6183
6184
5628
6186
6187
6188
6189
6190
6191
6192
6193
6194
6195
6196
6197
6198
6199
7499
6201
6202
6203
6204
6205
6206
6207
6208
1633
6210
6211
6212
6213
8314
6215
5216
6217
6218
6219
6220
6221
6222
6223
6224
6225
6226
6670
6228
6229
6230
6231
6232
6233
6234
6235
6236
6237
6238
6239
6240
6241
6242
6243
6244
6245
6246
6247
6248
6249
2759
8420
6252
9374
6254
6255
6256
6257
6258
4932
6260
6261
6262
6263
6264
17
6266
9792
6268
6269
6270
6271
6272
6273
6274
6275
6276
6277
6278
6279
6280
6281
6282
6283
6284
6285
6286
6287
8441
6289
6290
6291
6292
6293
8405
6295
5780
1378
6298
830
6587
6301
3101
4314
4907
8267
3441
6307
6308
4065
6310
6311
9676
4045
6314
6315
6316
6317
6318
6319
6320
6321
6322
6323
6324
6325
6326
6327
6328
6329
6330
6331
6332
6333
6334
5145
9967
6337
9822
6339
6340
6341
6342
6343
6344
6345
6346
429
6348
6349
6350
6351
6352
6353
6354
6355
6356
1954
6358
6359
6360
6361
6362
6363
222
9150
6366
6367
6368
6369
6370
6371
6372
6373
6374
6375
6376
4109
6378
6031
6380
6381
6382
6383
6384
6385
6386
6387
6388
6389
6390
6391
6392
6393
1463
6395
6396
6397
6398
6399
6400
6401
6402
6403
6404
6405
6406
6407
9895
6409
6410
6411
4091
6413
2213
6415
6416
9403
6418
6419
6420
2296
6422
6423
6424
6425
9995
6427
1640
6429
6430
6431
6432
2888
6434
6435
6436
6437
6438
6439
6440
6441
6442
6443
6444
6445
3514
6795
6448
9808
6450
5493
6452
6453
7726
6455
6456
6457
6458
6459
6460
6461
6462
6463
6464
9791
6466
6467
117
6469
6470
6471
9825
6473
6474
6475
6476
6477
6478
6479
6480
6481
6482
5242
6484
6485
6486
6487
6488
6489
6490
6491
6004
1651
6494
6495
6496
8748
6498
6499
6500
213
6502
114
6504
6505
6506
6507
4789
6509
6510
6511
7146
6513
6514
6515
6516
8974
6518
6519
6520
6521
6522
6523
6524
810
6526
6527
6528
6529
6530
2089
6532
6533
6534
6535
7001
5131
6538
3909
6540
6541
6542
6543
6544
6545
6546
6547
6548
7247
6550
6551
6552
4469
6554
6555
6556
2152
6558
6559
6560
6561
6847
6563
6564
6565
6566
6567
6568
6569
6570
6571
6572
6573
6574
6575
6576
6577
6578
6579
255
6581
6582
6583
6584
6585
6586
6300
6588
6589
6590
8923
6592
6593
6594
6595
6596
6597
6598
6599
6600
6601
6602
8026
6604
6605
6606
2659
6608
6609
6610
6611
6612
6613
6614
6615
6616
6617
6618
6619
6620
6621
6904
6623
6624
6625
6626
6627
6628
6629
6630
6631
6632
6633
6634
6635
5790
8250
6638
6639
6640
6641
6642
6643
6644
6645
6646
6647
6648
6649
6650
6651
6652
6653
6654
6655
9799
1081
6658
6659
6660
6661
6662
5554
6664
6665
396
6667
6668
6669
6227
6671
6672
6673
6674
6675
6676
6677
6678
6679
6680
6681
6682
6683
7102
6685
6686
6687
6688
8382
6690
6691
6692
6693
6694
8972
6696
6697
9579
6699
6700
6701
6702
6703
6704
6705
6706
6707
6708
6709
6710
6711
6712
6713
6714
6715
6716
2073
6718
6719
6720
6721
6722
6723
6724
6725
6726
6727
6728
6729
6730
6731
9982
6733
6734
6735
6736
6737
6738
6739
6740
6741
6742
6743
6744
6745
6746
6747
6748
6749
6750
6751
6752
6753
6754
6755
6756
8908
6758
6759
6760
6761
6762
6763
6764
6765
6766
8211
6768
6769
7625
6771
6772
6773
6774
6775
9208
6777
6778
6779
6780
4933
749
6783
6784
1680
3502
6787
6788
6789
6790
5159
6792
6793
6794
6447
6796
5356
4858
6799
6800
9199
6802
6803
6804
6805
6806
4473
6808
3148
6810
6811
4596
6813
9397
6815
194
9852
3961
6819
6820
6821
4984
6823
2748
1823
6826
7453
6828
6829
6830
8240
6832
6833
6834
6835
6836
6837
6838
6839
6840
3516
6842
6843
6844
6845
6846
6562
6848
6849
317
6851
6852
6853
6854
6855
6856
6857
6858
6859
6860
6861
6862
6863
6864
6865
3114
6867
6868
6869
6870
6871
6872
6873
6874
6875
6876
6877
6878
6879
9728
6881
6882
6883
8965
6885
8803
9393
6888
699
6890
6891
6892
6893
6894
6895
6896
6897
6898
2808
6900
9318
6902
6903
6622
6905
6906
8409
6908
6909
7754
6911
6912
6913
6914
6915
1052
6917
6918
6919
6920
6921
6922
5900
6924
6925
6926
6927
6928
6929
6930
6931
6932
4690
6934
6935
6936
6937
6938
6939
6940
33
6942
6943
6944
6945
3236
6947
6948
6949
6950
6951
6952
6953
6954
6955
6956
6957
6958
6959
6960
6961
6962
6963
6964
6965
6966
6967
2510
6969
6970
6971
6972
6973
6974
6975
6976
6977
6978
6979
6980
6981
6982
6983
6984
6985
6986
6987
6988
6989
6990
6991
6992
6993
6994
6995
6996
6997
6998
6999
7674
6536
7002
7003
2348
7005
7006
7007
7008
7009
5565
7011
7012
7013
7014
7015
7016
4702
7018
7019
7020
7021
3921
7023
7024
5240
7026
7027
7028
319
8952
9173
7032
3239
7034
7035
7036
7037
7038
7039
7040
7041
7042
7043
7044
5204
7046
7047
5836
8077
7050
7051
5428
7053
7054
7055
7056
7057
7058
7749
7060
7061
7062
7063
7064
7065
7066
7067
7068
7069
7070
7071
2122
7073
9283
5749
7076
7077
7078
7079
1327
7081
7082
7083
7084
7085
7086
9336
7088
5459
7090
754
7092
9937
2665
7095
9899
7097
7098
7230
7100
7101
6684
7103
7104
7105
7106
7107
7108
5786
7110
7111
7112
7113
10
7115
7116
7117
3089
5806
7120
9355
7122
7123
7124
7125
296
7127
7128
7129
7665
7131
7132
7133
7134
7135
7136
7137
7138
7139
7140
7141
7142
7384
7144
7145
6512
7147
7148
7149
7150
7151
7152
902
7154
7155
7156
7157
7158
1815
7160
7161
7162
7163
7164
7165
7166
7167
7168
7169
7170
7171
7172
7173
5108
1228
7176
7472
7178
7179
7180
7181
7182
7183
7184
6174
7186
5089
7188
6114
7190
7191
7192
7193
7194
7195
7196
7197
7198
7199
4738
9284
7202
8687
7204
7205
7206
4400
7208
7209
7210
7211
7212
7213
2492
7215
7216
7217
7218
7219
7220
7221
7222
7223
2912
7225
7226
7227
7969
1415
7099
1666
7232
7233
7234
7235
7236
7237
7238
7239
7240
7241
8957
7243
7244
9938
188
6549
7248
7249
862
7251
7252
7253
7254
7255
7256
7257
7258
7259
7260
7261
7262
2478
7264
7265
7266
7267
7268
28
7270
7271
7272
7273
2524
7275
7276
7277
7278
7279
7280
7281
2868
7283
7284
7285
7286
7287
7367
7289
7290
7291
7292
7293
7294
7295
8308
7297
7298
7299
7300
1016
7302
5299
9684
7305
7306
7307
7308
7309
7310
7311
7312
7313
7314
7315
991
7317
7318
7319
7320
7321
7322
7323
7324
7325
7326
7327
7328
7329
7330
7331
7332
254
7334
7335
7336
7337
9314
2427
7340
9617
7342
7343
7344
7345
7346
7347
7348
2048
7350
5369
7352
7353
7354
7355
7356
7357
7358
7359
7360
7361
7362
7363
7364
7365
7366
7288
7368
7369
1730
7371
7372
5944
7374
5083
7376
7377
7378
7379
7380
7381
7382
7383
7143
7385
7386
7387
7388
7389
7390
7391
7392
7393
5943
7633
7396
7397
7398
7399
7400
7401
168
7403
7404
7405
7406
7407
1321
7409
7410
8732
7412
7413
7414
7415
7416
7417
8750
7419
7420
880
7422
7423
7424
7425
7426
9973
7428
7429
7430
1173
7432
7433
7434
7435
7436
7437
7438
7439
7440
9375
9564
7443
7444
7445
7446
7447
7448
7449
7450
7451
7452
6827
7454
7455
7456
7457
7458
8717
7460
7461
7462
7463
7464
7465
7466
7467
7468
7469
143
7471
7177
7473
7474
7475
7476
7477
7478
7479
7480
9567
7482
7483
7484
7485
3100
8889
7488
7489
7490
7491
7492
7493
9182
7495
7496
7497
7498
6200
7500
7501
7502
1765
7504
7505
7506
7507
7508
7509
7510
7511
7512
7513
7514
7515
7516
7517
7518
7519
7738
7521
7522
7523
7524
7525
7526
7527
7528
7529
8198
7531
7532
7533
7534
7535
7536
7537
7641
433
7540
7541
4024
7543
7544
7545
7546
962
7548
7549
7550
7551
7552
7553
7554
7555
7556
7557
7558
7559
4942
7561
7562
7563
7564
7565
7566
7567
7568
9712
3524
7571
5094
7573
7574
7575
7576
7577
7578
7579
7580
7581
7582
7583
9381
7585
7586
7587
7588
7589
7590
7591
7592
7593
7594
7595
7596
7597
7598
7599
9745
7601
7602
7603
7604
7605
7606
346
7608
7609
7610
7611
7612
8283
9394
7615
7616
7617
8374
5695
7620
7621
7622
3479
7624
6770
7626
7627
7628
7629
7630
8516
4765
7395
7634
7635
106
7637
4677
7639
7640
7538
7642
7643
9994
7645
7931
3467
7648
7649
7650
7651
7652
7653
7654
7655
7656
7657
7658
7659
314
7661
7662
7663
1862
7130
7666
7667
30
7669
5121
7671
7672
7673
7000
7675
5497
4201
7678
7679
7680
7681
7682
774
7684
148
7686
7687
7688
7689
7690
7691
358
7693
7694
7695
7696
7697
7698
2532
7700
9915
7702
1057
7704
7705
3469
7707
5291
8796
7710
3525
7712
7713
7714
7715
8325
7717
7718
7719
7720
9329
7722
7723
7724
9354
6454
7727
7728
7729
7730
7731
7732
2768
7734
7735
7736
7737
7520
7739
848
7741
7742
7743
4094
7745
7746
7747
7748
7059
7750
7751
3189
7753
6910
7755
7756
4153
7758
7759
7760
8875
638
7763
7764
5850
7766
3298
7768
7769
7770
7771
7772
7773
7774
7775
7776
7777
7778
7779
7780
7781
7782
7783
7784
7785
7786
7787
7788
7789
7790
7791
2426
7793
7794
7795
7796
7797
7798
7799
7800
7801
7802
9870
7804
7805
7806
5001
7808
7809
5454
7811
7812
7813
7814
7815
1694
7817
7818
12
7820
7821
7822
349
7824
7825
7826
7827
7828
2031
7830
7831
5245
7833
7834
7835
7933
7837
7838
7839
7840
7841
7842
7843
7844
7845
7846
7847
7848
4114
7850
7851
7852
7853
7854
7855
7856
2191
7858
7859
7860
7861
7862
7863
7864
4889
8808
7867
7868
4552
7870
7871
7872
7873
7874
7875
7876
7877
7878
217
7880
7881
7882
7883
1908
7885
7886
7887
7888
7889
7890
7891
7892
7893
7894
7895
7896
7897
7898
7899
5701
5640
9949
7903
7904
7905
7906
7907
5909
7909
7910
7911
7912
5027
7914
7915
7916
7917
7918
7919
7920
9940
7922
7923
5248
7925
7926
7927
7928
7929
7930
7646
7932
7836
7934
7935
7936
7937
7938
9356
7940
7941
7942
237
7944
7945
7946
7947
7948
7949
4209
7951
7952
7953
3264
7955
7956
7957
7958
7959
7960
7961
7962
7963
7964
7965
7966
7967
7968
7228
7970
7971
7972
7973
7974
7975
7976
7977
7978
7979
7980
7981
7982
9795
7984
7985
7986
7987
7988
7989
7990
7991
7992
7993
7994
7995
7996
7997
7998
7999
8000
9570
8002
8003
8004
8005
8006
8007
8008
8009
8010
8011
8012
8013
8014
8015
8016
8017
8018
8019
8020
8021
5539
8023
8024
8025
6603
8027
8028
8029
8030
8031
8032
8033
8034
8035
8036
8037
8038
8039
8040
3571
8042
8043
8044
8045
2375
1829
8048
8049
8862
8051
8052
8053
8054
4721
3974
8057
8058
9434
8060
8061
8062
8063
8064
4917
8066
8067
8068
8069
8070
8071
5785
3133
8074
8075
8076
7049
8078
8079
8080
2629
8082
8083
8084
8085
8086
8087
8088
8089
8090
8091
165
8093
1014
8095
8096
8097
8098
8099
8100
8101
8102
4275
8104
1879
1518
8107
8108
773
8110
3662
1015
8113
8114
8115
8116
8117
8118
8119
8120
8121
5413
8123
8124
8125
8126
8127
8128
8129
8130
791
8132
8133
8134
2901
8136
8137
8138
8139
8915
8141
8142
8143
8144
8145
8146
8147
8148
8149
8150
8151
9682
8153
8154
8155
3843
8157
8158
8159
8160
8161
8162
8163
8164
8165
8166
8167
8168
8169
8170
8171
8561
8173
8174
9477
8176
8177
8178
8179
8180
8181
8182
3564
8184
8185
8186
8187
8188
8189
8190
8191
8192
8193
8194
8195
153
9023
7530
8199
3120
8201
8202
9901
8204
8205
8206
8207
8208
8209
8210
6767
8212
8213
8214
511
8216
2644
4598
8219
8220
8221
8222
8223
8224
8225
8226
8227
8228
3301
8230
8231
8232
8233
8234
8235
367
2984
8238
8239
6831
8241
8242
8243
8244
8245
8246
8247
8248
8249
6637
8251
8252
8253
8254
8255
8256
8257
8258
8715
3249
8261
8262
8263
8264
8265
8266
6305
8268
8269
1220
8271
1330
8273
8274
8275
8276
8277
8278
8279
8280
5874
8282
7613
8284
8285
8286
8287
8288
8289
3017
9131
8292
8293
8294
8295
8296
8297
8298
8809
8300
8301
8302
8303
539
8305
8306
8307
7296
4931
8310
8311
8312
8313
6214
8315
8316
8317
8318
8319
8320
4083
8322
8323
8324
7716
9739
8327
8328
3135
8330
8331
8332
8333
9414
8335
8336
8337
8338
8339
8340
8341
8342
8343
8344
8345
8346
8347
4854
8349
8350
8351
2695
5719
1999
8355
8356
4146
8358
8359
8360
8361
8362
8363
8364
8365
8366
8367
8368
8369
8370
8371
8372
4653
7618
8375
9719
8377
8378
8379
8380
8381
6689
20
8384
8385
8386
8387
8388
8389
155
8391
8392
8393
8394
8395
8396
8397
8398
8399
8400
8401
8402
8403
8404
6294
8406
8407
8408
6907
8410
8411
8412
3005
8414
8415
8416
2934
8418
8419
6251
8421
8422
8423
8424
8425
8426
393
8428
8429
8430
323
8432
2832
8434
8435
9298
8437
8438
8439
8440
6288
8442
8443
6131
8445
8446
8447
8448
8449
8450
8451
8452
8453
8454
8455
8456
8457
8458
8459
8460
8461
8462
1223
8464
8465
9249
8467
8468
8469
8470
8471
8472
1040
8474
8475
9155
8477
8478
8479
8480
8481
8482
8483
8484
8485
67
8487
8488
8489
8490
8491
8492
8493
8494
8495
8496
8497
8498
8499
8500
8501
8502
8503
9660
8505
8506
8507
8508
8509
8510
8511
8690
8513
8514
8515
7631
8517
8518
8519
8520
8521
8522
1525
8524
8525
8526
8527
8528
8529
8530
8531
9069
9805
3445
8535
8654
8537
8538
8539
8540
4952
8542
8543
8544
4156
8546
8547
8548
8549
8550
8551
8552
8553
43
2372
8556
8557
8989
8559
8560
8172
8562
8563
8564
8565
8566
8567
8568
8569
8833
8571
8572
8573
8574
8575
270
9909
8578
8579
8580
8581
8582
9977
8584
2726
8586
8587
2742
8589
8590
2802
8592
8593
2172
8595
8596
8597
8598
9114
8600
8601
8602
8603
8604
3225
8606
8607
8608
8609
8610
8611
8612
8613
2541
8615
8616
8617
8618
8619
8620
8621
8622
8623
8624
8625
8626
9574
8628
8629
8630
8631
8632
8633
8634
8635
8636
8637
8638
8639
8640
8641
907
8643
8644
8645
8646
2275
8648
8649
8650
8651
4643
8653
8536
8655
8656
8657
8658
8659
8660
8661
8662
8663
8664
8665
8666
1244
8668
9055
8670
8671
8672
8673
8674
8675
8676
8677
5682
1627
8914
5743
2137
8683
8684
256
8686
7203
8688
8689
8512
8691
8692
8693
8694
8695
8696
8697
8698
8699
8700
8701
56
1616
8704
8705
8706
8707
6081
8709
8710
8711
8712
4534
8714
8259
8716
7459
8718
8719
8720
8721
8722
8723
8724
8725
8726
8727
8728
8729
8730
8731
7411
8733
8734
9796
8736
8737
8738
8739
4054
8741
8742
8743
8744
8745
8746
8747
6497
1971
7418
8751
8752
8753
8754
3907
2638
8757
4104
8759
8760
1691
8762
8763
8764
8765
8766
8767
8768
8769
8770
8771
8772
8773
3562
8775
8776
8777
2548
8779
8780
8781
1889
9300
8784
9148
8786
8787
8788
8789
8790
8791
8792
4388
8794
8795
7709
8797
8798
8799
8800
8801
8802
6886
8804
8805
8806
8807
7866
8299
8810
8811
8812
8813
8814
2854
8816
8817
4309
8819
8820
8821
8822
8823
8824
8825
8826
8827
1529
8829
8830
8831
8832
8570
8834
8835
8836
8837
6087
8839
8840
430
8842
1323
8844
8845
8846
2916
8848
9890
8850
8851
8852
8853
8854
9427
8856
8857
8858
8859
8860
8861
8050
8863
8864
2432
8866
9836
3406
8869
8870
8871
8872
8873
8874
7761
8876
8877
8878
8879
8880
486
8882
8883
8884
8885
8886
8887
8888
7487
8890
8891
8892
8893
8894
8895
8896
8897
8898
8899
8900
8901
200
8903
8904
8905
8906
8907
6757
8909
8910
8911
9455
8913
8680
8140
8916
2190
8918
8919
3003
9832
8922
6591
9332
1745
8926
8927
8928
8929
8930
8931
8932
8933
8934
8935
8936
8937
8938
8939
8940
8941
8942
8943
1584
8945
8946
8947
1029
8949
5162
8951
7030
8953
8954
8955
8956
7242
8958
8959
8960
8961
8962
8963
8964
6884
8966
8967
8968
8969
8970
4882
6695
8973
6517
8975
8976
4586
8978
8979
8980
5845
8982
8983
8984
8985
8986
8987
8988
8558
8990
8991
8992
8993
8994
8995
8996
8997
8998
8999
9000
9001
9002
9003
9113
9005
9006
9007
9008
9009
9010
9011
9053
9013
9014
9015
9016
9017
9018
3250
9020
3889
9022
8197
9024
9025
9026
9027
9028
9029
9693
857
1305
9033
9034
9035
9036
9037
965
9039
9040
9041
1334
9043
1156
9045
9046
3487
9048
9049
9050
916
9052
9012
9054
8669
9884
9057
9058
9059
9060
9061
9473
9063
9064
9065
9066
9067
732
8532
9070
9071
9072
9073
5401
9075
9076
9077
9078
9577
9080
9675
9082
1111
9084
9085
1807
9087
9088
3908
4056
1949
9092
9093
9094
4180
9096
9097
9098
9099
3478
9101
9102
9103
9104
9105
767
9107
9108
9363
9110
9111
9112
9004
8599
9115
9116
620
9118
9119
9120
9121
9122
4292
9124
3788
9126
2210
288
224
9130
8291
9929
9133
9134
9135
4706
9137
9138
9139
9140
9141
9142
4583
147
4753
9146
9147
8785
9149
6365
9151
9152
9153
9154
8476
9156
9157
9158
9159
9160
9161
9162
9163
9164
9165
1549
9167
9168
9169
9170
9171
9172
7031
9174
9175
9176
9177
2317
9179
2517
9181
7494
9183
9184
9185
9186
9187
9188
9189
9190
9191
1595
9193
9194
9195
4043
9197
3644
6801
9200
9201
9202
9203
9204
9205
9206
9207
6776
9209
9210
9303
9212
9213
9214
9215
2578
9217
9218
9219
9220
9221
9222
9223
226
9225
9226
3902
9228
1809
9230
9553
9232
9233
9234
9235
9236
9237
9238
9239
9240
345
9242
9243
9244
9245
3415
9247
9248
8466
9250
9251
9252
9253
9254
9255
4003
9257
9258
9259
4523
9261
9262
9263
9264
287
9266
9267
9268
6075
9270
9271
9272
9273
9274
2598
1656
4637
9278
9279
9280
9281
9282
7074
7201
9285
3071
9287
9288
9289
9290
9291
1043
9293
9294
9295
9296
9297
8436
9299
8783
9301
9302
9211
1129
9305
9306
9307
9308
9309
9310
9311
9458
9313
7338
9315
9316
9317
6901
9319
9320
9321
9322
867
9324
9325
9326
9327
9328
7721
9330
9331
8924
9333
9334
9335
7087
9337
9338
9339
9340
4325
9342
9343
9344
9345
9346
1459
9348
9349
9350
9351
9352
376
7725
7121
7939
9357
9358
5048
9360
9361
2225
9109
9364
9365
9366
9367
9368
9369
9370
9371
9372
9373
6253
7441
9376
9377
9378
9379
9380
7584
9382
9383
9384
9385
3643
9387
9388
9389
5576
1850
9392
6887
7614
9395
9396
6814
403
9399
9400
9401
570
6417
9404
9405
9406
9407
9408
9409
9410
9411
9412
9413
8334
9415
9416
1021
9418
9419
1732
9421
9422
9423
4472
4334
9426
8855
9428
9429
9430
9431
9432
9433
8059
9435
1001
9437
9438
9439
9440
9441
2479
9443
9444
9445
9446
3786
9448
9569
3874
9451
678
9453
9454
8912
9456
9457
9312
9459
9460
491
9462
9463
9464
9465
9466
2926
9468
9469
9470
9471
9472
9062
9474
9475
9476
8175
9478
9479
9480
9481
9482
9483
9484
1035
9486
9487
9488
9489
9914
9491
9492
9493
9494
9495
9496
9497
893
9499
9500
1906
5916
9503
9504
9505
9506
9507
9508
9509
9510
9511
9512
9513
9514
9515
9516
9517
9518
9519
9520
9521
9522
9523
4606
5109
9526
9527
9528
9529
9530
9531
9532
9533
9699
9535
9536
540
9538
9539
868
9541
9542
9543
9544
9545
547
2467
9548
9549
9550
9551
9552
9231
9554
3745
9556
9557
9558
9559
9560
9561
3839
9563
7442
9565
9566
7481
9568
9449
8001
9571
9572
9573
8627
9575
9576
9079
9578
6698
9580
9581
9582
9583
9584
9585
9586
9587
9588
9589
9590
9591
9592
9593
9594
9595
9596
9597
9598
4391
9600
9601
1914
9603
9604
9605
9606
3535
9608
9609
9610
5952
9612
9613
9614
9615
9616
7341
9618
9619
9620
5177
9622
9958
9624
632
9626
9627
9628
9629
9630
9631
9632
9633
4994
9635
9636
9637
9638
9639
9640
9641
9642
9643
9644
9645
9646
9647
9648
9649
9650
9651
9652
9653
9654
9655
1542
1467
9658
5347
8504
9661
9662
9663
9664
9665
757
9667
9668
9669
9670
9671
3025
1596
4969
9081
6312
9677
9678
9679
3569
9681
8152
9683
7304
9685
3605
9687
9688
3833
9690
9691
9692
9030
9694
9695
9696
9697
9698
9534
9700
9701
9702
9703
9704
5076
9706
9707
9708
9709
9710
9711
7569
9713
9714
9715
9716
9717
9718
8376
9720
9721
9722
1207
9724
9725
9726
9727
6880
9729
1074
9731
9732
9733
9734
9735
9736
9737
9738
8326
9740
9741
9742
2488
9744
7600
9746
9747
9748
9749
9750
9751
3684
9753
9754
9755
1287
9757
9758
9759
9760
9761
9762
9763
9764
1849
1605
9767
9768
9769
9770
9771
9772
9773
9774
9775
9776
9777
5693
9779
5998
9781
9782
9783
9784
9785
9786
9787
4733
9789
6063
6465
6267
9793
9794
7983
8735
9797
9798
6656
9800
9801
9802
9803
9804
8533
9806
9807
6449
4531
9810
9811
9812
9813
9814
9815
9816
9817
9818
9819
9820
9821
6338
9823
9824
6472
2871
9827
9959
9829
2218
1398
8921
9833
9834
9835
8867
9837
5826
9839
9840
4888
3633
9843
9844
9845
9846
9847
9848
9849
4884
9851
6817
9853
9854
9855
9856
5416
9858
9859
9860
9861
863
9863
4277
9865
9866
9867
9868
870
7803
9871
9872
5054
9874
9875
9876
9877
9878
9879
9880
5989
9882
9883
9056
9885
9886
9887
920
3760
8849
9891
9892
9893
9894
6408
9896
5547
9898
7096
9900
8203
2706
1010
9904
9984
9906
9907
9908
8577
911
4425
9912
9913
9490
7701
9916
1196
4086
9919
9920
9921
9922
9923
1926
9925
926
9927
9928
9132
2374
9931
2443
4407
5461
9935
2915
7093
7245
9939
7921
1663
1460
4610
9944
9945
9946
9947
3523
7902
9950
9951
9952
9953
9954
5132
9956
9957
9623
9828
9960
4386
9962
9963
9964
9965
3193
6336
1625
9969
9970
1284
2899
7427
3188
5606
9976
8583
9978
4258
5926
9981
6732
9983
9905
3390
1528
9987
3481
2973
1900
1445
1042
6095
7644
6426
4584
3549
3958
3732
10000
