254
316
282
77
81
6
7
8
11
155
9
512
13
476
15
213
359
18
186
20
451
367
23
24
243
514
27
28
29
30
31
32
533
34
35
123
37
537
39
40
41
42
501
543
544
46
47
48
49
50
51
52
53
54
463
56
495
558
157
60
517
168
63
64
65
128
67
68
220
136
71
72
73
74
449
76
4
78
79
486
5
85
83
579
82
86
87
88
89
90
91
92
93
94
95
96
596
98
279
100
600
102
103
104
105
106
107
607
608
421
111
522
612
555
115
116
117
118
119
120
121
122
36
623
532
126
127
66
129
130
131
132
632
134
135
70
636
138
139
639
141
393
143
144
145
278
147
647
149
649
151
605
153
154
10
655
59
615
159
160
161
162
163
164
581
166
167
62
668
214
171
172
173
174
175
635
177
178
435
180
181
182
183
683
415
19
187
188
688
190
191
670
193
194
195
196
696
198
666
200
201
202
203
204
205
691
207
208
209
210
211
685
16
170
215
216
711
422
219
69
221
222
223
723
225
226
227
228
229
230
231
232
233
616
235
236
692
238
534
240
733
242
25
742
245
246
746
248
249
250
251
751
253
1
255
256
257
258
259
260
337
262
762
264
265
266
267
268
269
695
271
272
273
274
275
276
277
146
99
779
281
3
283
611
285
286
287
288
289
290
790
292
293
294
295
296
297
298
299
320
301
302
303
304
305
306
806
308
808
310
466
312
812
314
315
2
816
318
319
300
321
322
822
324
782
326
327
328
329
330
331
332
832
774
335
336
261
338
339
500
839
342
343
344
345
346
347
348
848
350
351
851
847
354
355
356
856
750
17
360
361
858
363
364
365
366
22
867
369
370
870
372
373
374
375
376
377
378
379
380
381
382
739
384
385
386
387
388
389
390
890
392
142
394
395
396
397
897
399
400
401
402
902
903
405
905
407
408
908
410
411
412
413
414
185
915
916
418
880
420
110
218
423
424
425
426
427
428
429
430
431
931
433
434
179
436
523
438
439
939
940
442
443
444
445
446
642
448
75
450
21
452
952
454
954
456
457
458
459
460
461
462
55
464
964
311
966
468
829
969
560
472
972
474
974
14
477
478
978
480
481
482
483
484
981
80
487
488
489
490
491
982
493
494
57
947
497
498
499
340
43
502
503
504
505
506
507
769
509
510
511
12
513
26
515
516
61
1000
1007
520
1020
112
437
524
525
993
1026
528
529
530
531
125
33
239
535
1031
38
1037
539
1038
541
542
44
45
545
606
547
548
549
1048
551
552
1052
554
114
1044
557
58
776
471
984
562
563
564
565
566
971
568
569
570
571
572
573
574
575
1075
577
578
84
580
165
1081
583
1083
585
586
587
588
589
590
591
592
1092
594
595
97
597
598
599
101
601
602
603
604
152
546
108
109
609
610
284
113
613
614
158
234
617
618
619
620
621
1118
124
624
625
626
627
628
1123
637
1130
133
681
634
176
137
630
1136
140
640
641
447
643
1143
645
646
148
648
150
650
651
652
653
654
156
1121
657
658
866
660
661
662
1146
1159
665
199
667
169
669
192
671
672
673
1095
1014
1175
677
1177
679
680
633
1168
184
684
212
686
687
189
1188
690
206
237
693
1192
270
197
697
698
1190
1198
701
702
703
1201
705
706
707
1174
1205
807
217
712
713
1138
715
1165
717
1069
791
720
1220
722
224
724
725
1223
727
1204
729
1229
731
732
241
1101
1234
833
737
738
383
740
942
244
743
744
745
247
747
748
1245
358
252
752
753
754
755
756
757
758
1214
760
761
263
763
764
1264
766
767
768
508
770
771
772
1271
334
775
559
1276
922
280
780
781
325
783
784
785
1285
1286
1287
789
291
719
792
793
794
795
796
797
798
799
800
1300
802
803
804
805
307
710
309
809
810
811
313
813
814
815
317
817
818
819
820
821
323
823
1169
825
1325
827
828
469
1329
831
333
736
834
835
1335
837
979
341
1339
841
1270
843
844
1344
846
353
349
849
850
352
852
853
854
855
357
884
362
859
860
861
862
1337
864
865
659
368
868
869
371
871
872
914
874
875
1373
877
878
879
419
881
882
883
857
1383
886
887
1387
889
391
891
892
893
894
1087
896
398
1080
899
900
901
403
404
904
406
906
907
409
1328
1409
911
1396
913
873
416
417
917
918
919
1419
921
778
923
1066
925
926
1425
928
929
930
432
932
933
934
935
936
1434
938
440
441
1441
741
968
944
945
946
496
1447
949
950
1450
453
953
455
955
956
957
958
959
960
961
962
963
465
1446
467
1466
943
470
970
567
473
973
475
975
1253
977
479
838
980
485
492
983
561
1484
986
987
988
989
990
991
1480
526
994
1356
1005
997
998
999
518
1001
1002
1502
1504
996
1478
519
1008
1009
1010
1470
1012
1013
675
1015
1016
1017
1018
1518
521
1021
1022
1023
1024
1407
527
1027
1028
1029
1030
536
1032
1513
1034
1534
1036
538
540
1039
1040
1041
1541
1542
556
1045
1546
1059
550
1049
1050
1051
553
1552
1054
1055
1530
1057
1557
1047
1060
1061
1062
1063
1064
1065
924
1067
1556
718
1512
1570
1072
1073
1488
576
1076
1077
1318
1314
898
582
1082
584
1084
1085
1585
895
1088
1382
1090
1091
593
1093
1094
674
1096
1097
1597
1099
1600
734
1601
1103
1104
1105
1106
1107
1108
1608
1110
1111
1112
1612
1114
1115
1615
1117
622
1119
1120
656
1610
629
1124
1125
1460
1626
1128
1129
631
1630
1132
1133
1134
1135
638
1598
714
1620
1140
1141
1581
644
1624
1145
663
1147
1647
1149
1150
1151
1152
1153
1154
1155
1156
1157
1158
664
1160
1161
1162
1163
1164
716
1412
1167
682
824
1170
1627
1172
1669
708
676
1176
678
1178
1179
1679
1680
1182
1219
1184
1185
1186
1187
689
1688
699
1599
694
1193
1194
1195
1196
1197
700
1199
1200
704
1202
1203
728
709
1206
1207
1208
1708
1210
1211
1212
1712
759
1215
1216
1707
1508
1183
721
1221
1222
726
1724
1723
1226
1227
1228
730
1230
1231
1232
1233
735
1235
1236
1237
1238
1239
1240
1432
1741
1243
1244
749
1246
1746
1248
1249
1250
1251
1252
976
1753
1255
1256
1257
1728
1259
1260
1261
1262
1263
765
1265
1266
1766
1268
1269
842
773
1572
1273
1773
1275
777
1277
1292
1279
1280
1760
1282
1283
1284
786
787
788
1288
1289
1789
1291
1278
1293
1294
1295
1296
1297
1776
1299
801
1301
1757
1303
1304
1305
1306
1307
1308
1765
1310
1311
1312
1674
1079
1814
1316
1317
1078
1319
1320
1321
1322
1323
1823
826
1821
1327
909
830
1829
1331
1332
1499
1334
836
1336
863
1338
840
1340
1840
1342
1841
845
1844
1346
1347
1843
1349
1350
1351
1352
1353
1354
1355
995
1744
1358
1359
1360
1361
1861
1363
1863
1365
1865
1367
1368
1855
1370
1848
1372
876
1873
1375
1875
1377
1378
1379
1380
1381
1089
885
1384
1385
1885
888
1388
1389
1390
1890
1392
1393
1394
1395
912
1896
1398
1399
1400
1900
1901
1856
1404
1405
1406
1025
1408
910
1410
1411
1166
1413
1414
1415
1416
1417
1418
920
1420
1421
1921
1423
1424
927
1678
1926
1428
1429
1430
1431
1241
1433
937
1435
1436
1437
1438
1439
1440
941
1442
1443
1943
1445
965
948
1933
1449
951
1451
1452
1453
1454
1695
1456
1457
1458
1938
1126
1461
1462
1463
1464
1964
967
1609
1468
1469
1011
1611
1472
1473
1971
1475
1476
1477
1006
1479
992
1481
1482
1982
985
1485
1486
1986
1074
1988
1490
1491
1492
1493
1719
1676
1496
1497
1997
1333
1500
2000
1003
1503
1004
1505
1506
1507
1218
1509
2009
1511
1070
1033
1514
1515
2015
1671
1019
1519
1520
1521
1522
1655
2023
1525
1526
2026
1528
2028
1056
1531
1532
1533
1035
1535
1536
1537
1538
1539
2002
1042
1043
2042
2043
1545
1046
1651
1548
1549
1550
1551
1053
1553
1554
1555
1068
1058
1558
1559
1560
1561
1562
1563
1564
1565
1566
1567
1568
1569
1071
2069
1272
2072
1574
1575
1576
1577
2077
1579
1580
1142
1582
1583
1584
1086
1586
2082
1665
1589
1590
1591
1592
1593
2092
1595
1596
1098
1137
1191
1100
1102
1602
1603
1604
1605
1606
2106
1109
1467
1122
1471
1113
1613
1614
1116
1616
1617
2081
2118
1139
1621
1825
2122
1144
2079
1127
1171
1628
1629
1131
1631
1632
1633
2059
1635
1636
1637
1638
1639
1640
1641
1642
2142
2137
1645
1646
1148
1648
1649
1650
1547
1652
2152
1654
1523
1656
2156
1658
1697
1660
1661
1662
1663
1664
1588
1666
2165
1668
1173
1670
1517
2171
1673
1313
1675
1495
1774
1426
1180
1181
1681
1682
1683
1684
1685
1686
1687
1189
1689
1690
1691
1692
1693
1694
1455
1696
1659
1884
1699
2199
1701
2080
2202
2203
1705
1706
1217
1209
1709
1710
1711
1213
2067
1714
1715
1716
2113
1718
1494
1720
1721
1722
1225
1224
1725
1726
1727
1258
1729
1730
1731
1732
1733
1734
1735
1736
1737
2237
1739
1740
1242
1742
1743
1357
1745
1247
1747
1748
1749
1750
2244
2251
1254
1754
1755
1756
1302
2257
1759
1281
1761
2261
1763
2262
1309
1267
2266
1768
1769
2269
1771
1772
1274
1677
1775
1298
1777
1778
1779
1780
1781
2281
2282
1784
1785
1786
2267
1788
1290
2289
1791
1792
2034
1794
1795
1796
1797
1798
1799
1800
1801
2180
1803
1804
1805
1806
1807
1808
1809
1810
1811
2311
1813
1315
1815
1816
1928
1818
2284
1820
1326
2070
1324
1824
1622
2325
2326
1936
1330
1830
2330
1832
1833
1834
1835
1836
1837
1838
1839
1341
1343
2341
1348
1345
1845
1846
1847
1371
1849
1850
1851
1852
1853
1854
1369
1403
1857
1858
1859
1860
1362
1862
1364
1864
1366
2225
1867
2367
1869
2323
1871
1872
1374
2192
1376
1876
2376
1878
1879
2343
2381
1947
1883
1698
1386
1886
2386
1888
2388
1391
2094
2382
2371
1894
1895
1397
1897
1898
1899
1401
1402
2368
2402
2397
1905
1906
1907
1908
1909
1910
1911
1912
2412
1914
2414
1916
1917
1918
1919
1920
1422
1922
1923
1924
1925
1427
1927
1817
1929
1930
1931
2157
1448
2433
1935
1828
1937
1459
1939
1940
1941
1942
1444
1944
1945
1946
1882
1948
1949
1950
1951
2407
1953
1954
1955
1956
2456
1958
1959
1960
1961
2418
1963
1465
2457
2464
1967
1968
1969
1970
1474
1972
1973
1974
1975
1976
1977
1978
1979
1980
1981
1483
2482
1984
1985
1487
1987
1489
2240
1990
1991
1992
2492
1994
2494
1996
1498
1998
1999
1501
2480
1540
2003
2004
2005
2006
2503
2506
1510
2509
2510
2012
2032
2014
1516
2016
2017
2517
2019
2020
2021
2022
1524
2024
2025
1527
2027
1529
2029
2529
2031
2013
2440
1793
2534
2036
2037
2038
2538
2040
2041
1543
1544
2044
2045
2435
2047
2048
2049
2493
2549
2052
2053
2054
2055
2370
2369
2058
1634
2060
2061
2561
2063
2064
2460
2066
1713
2068
1571
1822
2564
1573
2073
2074
2075
2575
1578
2536
1625
1702
1618
1587
2083
2084
2085
2086
2087
2088
2089
2090
2091
1594
2093
1891
2095
2096
2563
2098
2099
2100
2600
2102
2103
2104
2105
1607
2107
2108
2109
2609
2128
2112
1717
2114
2115
2116
2117
1619
2618
2120
2265
1623
2123
2623
2125
2126
2127
2111
2541
2130
2131
2132
2319
2134
2135
2426
1644
2260
2139
2140
2141
1643
2143
2144
2145
2645
2147
2148
2149
2150
2151
1653
2153
2610
2155
1657
1932
2158
2159
2160
2190
2162
2163
2663
1667
2166
2167
2168
2169
2170
1672
2172
2173
2673
2175
2176
2177
2178
2288
1802
2181
2182
2183
2184
2684
2186
2187
2188
2189
2161
2447
1874
2193
2194
2195
2196
2197
2198
1700
2200
2201
1703
1704
2204
2205
2206
2207
2208
2209
2210
2211
2212
2213
2214
2714
2216
2683
2705
2219
2679
2221
2719
2570
2224
1866
2226
2227
2228
2229
2230
2231
2232
2233
2537
2734
2236
1738
2238
2239
1989
2241
2242
2243
1751
2245
2246
2247
2248
2748
2749
1752
2252
2253
2750
2255
2256
1758
2258
2259
2138
1762
1764
2762
2264
2121
1767
1787
2268
1770
2769
2271
2272
2273
2274
2774
2276
2277
2278
2279
2280
1782
1783
2283
1819
2285
2286
2287
2179
1790
2290
2291
2292
2293
2294
2295
2791
2796
2298
2798
2300
2301
2302
2303
2304
2305
2306
2806
2308
2309
2310
1812
2312
2351
2314
2315
2316
2816
2318
2133
2320
2752
2821
1870
2324
1826
1827
2327
2785
2528
1831
2331
2332
2333
2334
2335
2336
2337
2837
2339
2839
1842
2784
1880
2344
2345
2840
2347
2348
2349
2350
2313
2352
2634
2354
2850
2855
2357
2438
2359
2360
2828
2362
2363
2863
2365
2366
1868
1902
2057
2056
1893
2372
2373
2851
2843
1877
2377
2378
2379
2380
1881
1892
2383
2384
2385
1887
2387
1889
2867
2390
2391
2392
2393
2394
2395
2396
1904
2398
2399
2400
2646
1903
2902
2404
2405
2406
1952
2907
2409
2410
2411
1913
2413
1915
2908
2416
2417
1962
2579
2420
2421
2422
2423
2424
2425
2136
2926
2927
2429
2929
2431
2555
1934
2434
2046
2935
2437
2358
2439
2033
2441
2442
2942
2943
2445
2446
2191
2946
2948
2949
2451
2452
2453
2454
2954
1957
1965
2458
2459
2065
2461
2462
2463
1966
2465
2466
2467
2468
2868
2470
2471
2472
2473
2971
2475
2476
2477
2478
2479
2001
2481
1983
2483
2484
2485
2486
2487
2987
2508
2490
2973
1993
2050
1995
2495
2496
2996
2498
2499
2500
2995
2502
2007
2504
3004
2008
2507
2489
2010
2011
2511
2512
2513
2514
2580
2691
2018
2518
3010
3019
2521
2522
2523
2524
3024
2526
2527
2329
2030
2530
2531
3031
3025
2035
2535
2078
2234
2039
2539
2540
2129
2542
2543
2895
3044
3045
2547
2548
2051
3049
2551
2552
2553
2554
2432
2556
2557
2558
2559
2560
2062
2562
2097
2071
2565
3065
3066
2568
2569
2223
2571
2572
2573
2574
2076
2709
2577
2578
2419
2515
2581
2582
2583
2584
2585
3085
2587
2588
2589
2590
2591
2592
3092
2594
2595
2596
2960
2598
3020
2101
2999
2602
2603
3102
3103
2606
2607
2608
2110
2154
2611
3106
2613
2614
2615
2616
2617
2119
2619
2620
3120
2622
2124
3123
3124
3125
2627
2628
3128
2630
3096
2632
2633
2353
2635
2636
2672
2638
3137
2640
2641
2642
2643
3142
2146
2401
2647
2648
2649
2650
2820
3151
2653
2654
2655
2952
2657
2658
3140
2660
2661
2662
2164
2664
2665
2666
2667
2668
2669
3169
2671
2637
2174
2674
3174
2676
2677
2678
2220
2680
2681
2682
2217
2185
3184
2686
2687
3181
2689
3189
2516
2692
2693
3192
2695
3195
2697
2698
2699
2700
2701
2702
2703
2704
2218
2706
2707
3207
2576
2710
2711
2712
2713
2215
2715
2716
3080
2718
2222
2720
3220
2722
2723
2724
2725
2726
2727
2728
2729
3229
2731
2732
2733
2235
2735
2736
2737
3237
3238
2740
2741
2742
2743
2744
2745
2746
2747
2249
2250
2254
2751
2321
2753
2754
2755
2756
2757
2758
3257
3258
3260
2263
3240
2764
3242
2766
3266
2768
2270
2770
2771
2772
2773
2275
2775
2776
2777
2778
3278
3279
2781
2782
2783
2342
2328
2786
2787
3287
2789
2790
2296
2792
2793
2794
2795
2297
3296
2299
2799
2800
3300
2802
2803
2804
3267
2307
2807
2808
2809
3156
2811
3298
2813
3313
2815
2317
2817
2818
2819
2651
2322
3321
2823
2824
3324
2826
2827
2361
3317
2830
2831
2832
3332
2834
3334
2836
2338
2838
2340
2346
2841
2842
2375
2844
3327
3256
3345
3336
3347
2355
2374
3350
2853
2854
2356
2856
2857
3131
3358
2860
2861
2862
2364
2864
2865
2866
2389
2469
2947
3369
2871
2872
3359
3328
2875
2876
2877
2878
2879
2880
2881
2882
2883
3365
2885
2886
3386
3387
2889
2890
2891
2892
2893
2894
2544
2896
3382
3394
3398
2966
2901
2403
2903
2904
2905
2906
2408
2415
2909
2910
3410
2912
2913
2914
2915
2916
2917
3417
2919
2920
2921
2922
2923
2924
2925
2427
2428
2928
2430
2930
2931
2932
2933
2934
2436
3435
2937
2938
3438
2940
2941
2443
2444
3443
2945
2448
2869
2449
2450
3447
2951
2656
2953
2455
2955
2956
2957
3452
3459
2597
2961
2962
2963
3429
2965
2900
2967
2968
2969
2970
2474
2972
2491
2974
3261
2976
2977
3389
2979
2980
2981
3479
2983
3477
2985
2986
2488
3487
2989
2990
3484
3491
2993
2994
2501
2497
2997
2998
2601
3000
3001
3002
3003
2505
3503
3006
3007
3507
3009
2519
3011
3012
3013
3014
3514
3016
3017
3018
2520
2599
3021
3022
3023
2525
2533
3026
3027
3028
3029
3030
2532
3032
3033
3034
3035
3036
3037
3038
3039
3040
3041
3042
3542
2545
2546
3046
3047
3547
2550
3050
3051
3052
3053
3553
3055
3555
3057
3552
3506
3060
3061
3561
3063
3064
2566
2567
3393
3068
3069
3070
3570
3571
3073
3074
3075
3076
3077
3078
3079
2717
3081
3082
3582
3084
2586
3086
3087
3088
3089
3090
3091
2593
3093
3094
3095
2631
3097
3597
3099
3599
3101
2604
2605
3104
3105
2612
3107
3108
3109
3110
3111
3112
3113
3114
3115
3116
3117
3118
3119
2621
3121
3600
2624
2625
2626
3126
3558
2629
3129
3130
2858
3132
3133
3134
3135
3136
2639
3463
3139
2659
3141
2644
3143
3144
3644
3146
3646
3148
3149
3150
2652
3651
3153
3154
3155
2810
3157
3640
3159
3656
3161
3660
3163
3663
3165
3166
3167
3168
2670
3170
3668
3172
3173
2675
3175
3176
3177
3464
3678
3180
2688
3681
3682
2685
3185
3686
3187
3188
2690
3685
3680
2694
3193
3194
2696
3391
3197
3697
3199
3671
3201
3702
3203
3703
3205
3705
2708
3208
3209
3210
3698
3212
3213
3214
3215
3216
3699
3659
3219
2721
3221
3222
3223
3224
3225
3226
3227
3228
2730
3230
3231
3232
3233
3234
3235
3236
2738
2739
3738
2763
3241
2765
3742
3244
3559
3246
3247
3747
3428
3250
3251
3252
3253
3753
3255
2846
2759
2760
3758
2761
2975
3262
3263
3264
3265
2767
2805
3268
3269
3270
3271
3771
3273
3274
3275
3276
3277
2779
2780
3280
3281
3777
3783
3284
3285
3286
2788
3787
3289
3789
3291
3292
3792
3294
3295
2797
3297
2812
3299
2801
3301
3302
3303
3304
3305
3306
3307
3308
3309
3310
3311
3312
2814
3314
3814
3455
2829
3379
3319
3320
2822
3322
3323
2825
3325
3326
2845
2874
3362
3330
3331
2833
3333
2835
3810
2848
3337
3338
3838
3839
3341
3841
3343
3817
2847
3722
2849
3348
3848
2852
3351
3834
3353
3849
3355
3356
3580
2859
2873
3360
3361
3329
3700
3364
2884
3366
3367
3368
2870
3864
3371
3870
3373
3374
3375
3376
3377
3378
3318
3380
3855
2897
3726
3384
3385
2887
2888
3887
2978
3390
3196
3873
3067
2898
3395
3396
3397
2899
3399
3400
3401
3899
3403
3404
3405
3905
3906
3408
3908
2911
3411
3412
3893
3414
3415
3474
2918
3917
3806
3420
3421
3422
3423
3923
3425
3426
3427
3249
2964
3929
3431
3432
3433
3579
2936
3436
3936
2939
3439
3939
3593
3442
2944
3444
3445
3446
2950
3448
3449
3450
3950
2958
3952
3454
3316
3456
3956
3948
2959
3460
3461
3462
3138
3178
3634
3466
3467
3907
3469
3470
3471
3472
3473
3416
3475
3476
2984
3976
2982
3938
3481
3482
3483
2991
3984
3985
2988
3488
3489
3490
2992
3492
3493
3494
3495
3496
3497
3997
3499
3999
3501
3502
3005
3504
3505
3059
3008
3508
3509
3510
3511
3512
3513
3015
4014
4015
3517
3892
4018
3520
3521
3522
4022
3524
3525
4025
3527
3528
3529
3530
3531
3532
3533
4033
3535
3536
3537
4037
3539
3540
3541
3043
3543
3544
3545
3546
3048
4047
3549
4049
3871
3058
3054
3554
3056
3556
3557
3127
3245
4056
3062
3562
3563
3564
3565
3566
4066
3568
3569
3071
3072
3572
3573
3574
3575
3576
3577
3578
3434
3357
4080
3083
3583
4070
3585
3586
3587
4072
3589
3590
3591
4077
3441
3594
3595
3596
3098
3598
3100
3122
3601
4102
4026
3724
4097
3606
3607
4107
3609
3996
3611
3612
3613
3614
4114
3616
3617
3618
4110
4119
3621
3844
3623
4029
4081
3626
3627
3628
3629
3630
3631
3632
3633
3465
3635
3636
3637
4007
3639
3158
3641
3642
4096
3145
3645
3147
3647
3648
3649
3650
3152
3652
3653
3654
3655
3160
3657
3658
3218
3162
3661
3662
3164
3664
3665
3666
4166
3171
3669
3670
3200
3672
3673
4171
3675
4169
3677
3179
4150
3191
3182
3183
4182
4183
3190
3186
3687
3688
4113
3690
3692
3691
3693
3694
3695
3696
3198
3211
3217
3363
3701
3202
3204
3704
3206
3706
3707
3708
4208
4209
3711
4198
3713
4213
3715
3716
3717
3718
4218
3720
3721
3346
3723
3604
3725
3383
3727
3728
3729
3730
3731
3732
3733
4224
3735
3736
3737
3239
3739
3740
3741
3243
4058
3744
4244
3746
3248
4247
3749
3750
3751
3752
3254
3754
4055
3756
3757
3259
3759
4259
3761
3762
3763
3764
4264
3766
3767
4267
3769
3770
3272
3772
3773
4177
3775
3776
3282
4277
3779
4257
3781
4226
3283
3784
3785
4281
3288
4287
3290
4164
3791
3293
4291
3794
3795
3796
3797
3798
3799
3800
3801
3802
3803
3804
3805
3419
3807
3808
3809
3335
3811
4310
4053
3315
3815
4103
3344
3818
3819
3977
3821
3822
3823
3824
3825
3826
3827
3828
4328
3830
3831
3832
3833
3352
3835
4067
3837
3339
3340
4333
3342
3842
3843
3622
3845
3846
3847
3349
3354
4173
3851
3852
3853
3854
3381
4349
4356
3858
3859
4355
3861
3862
3863
3370
3865
3866
4366
3868
4368
3372
3551
3872
3392
3874
3875
3876
3877
4376
3879
4379
3881
3882
3883
3884
3885
3886
3388
3888
3889
3890
4390
3518
3413
3894
4392
3896
3897
4397
3402
3900
4400
3902
3903
3904
3406
3407
3468
3409
3909
3910
3911
3912
3913
3914
3915
3916
3418
3918
3919
3920
4252
3922
3424
3924
4156
3926
3927
3928
3430
3930
3931
3932
4229
3934
3935
3437
4436
3480
3440
3940
3941
3942
3943
4443
3945
3946
4442
3458
3949
3451
3951
3453
3953
3954
4248
3457
4265
4457
4458
3960
4389
4461
3963
3964
3965
3966
3967
3968
3969
3970
3971
4471
3973
3974
3975
3478
3820
3978
3979
3980
3981
4481
4428
3485
3486
4292
4486
3988
3989
3990
3991
4387
3993
3994
3995
3610
3498
3998
3500
4000
4500
4002
4425
4004
4005
4505
3638
4008
4009
4509
4456
4441
4013
3515
3516
4512
4514
3519
4019
4519
4021
3523
4023
4024
3526
3603
4506
4028
3624
4030
4031
4032
3534
4502
4533
4535
3538
4536
4039
4040
4041
4042
4043
4044
4544
4046
3548
4503
3550
4545
4051
4052
3813
4054
3755
3560
4556
3743
4558
4060
4061
4062
4548
4293
4065
3567
3836
4068
4069
3584
4071
3588
4572
4074
4075
4076
3592
4551
4079
3581
3625
4082
4083
4583
4085
4086
4087
4088
4089
4090
4091
4092
4590
4094
4095
3643
3605
4098
4598
4596
4101
3602
3816
4603
4105
4106
3608
4108
4608
3619
4111
4112
3689
3615
4115
4116
4117
4607
3620
4619
4121
4122
4622
4124
4494
4126
4127
4128
4626
4315
4131
4132
4632
4145
4135
4136
4249
4637
4595
4140
4141
4142
4628
4144
4134
4146
4147
4148
4149
3679
4151
4439
4153
4154
4155
3925
4157
4158
4159
4160
4161
4318
4655
3790
4165
3667
4167
4168
3676
4170
3674
4172
3850
4174
4175
4176
3774
4530
4179
4557
4662
3683
3684
4684
4185
4186
4187
4188
4189
4190
4191
4691
4193
4194
4195
4196
4197
3712
4199
4200
4201
4202
4203
4661
4205
4206
4207
3709
3710
4710
4211
4212
3714
4214
4674
4690
4217
3719
4635
4220
4221
4222
4722
3734
4225
3782
4227
4228
3933
4230
4727
4232
4233
4234
4235
4236
4237
4238
4239
4240
4695
4242
4243
3745
4245
4246
3748
3955
4137
4250
4750
3921
4752
4709
4255
4256
3780
4258
3760
4260
4261
4262
4759
3765
3957
4765
3768
4510
4768
4270
4271
4705
4273
4274
4275
4276
3778
4777
4279
4280
3786
4755
4283
4783
4380
4286
3788
4787
4289
4290
3793
3986
4064
4294
4295
4296
4297
4298
4299
4799
4301
4554
4303
4498
4305
4642
4806
4308
4309
3812
4805
4312
4313
4314
4130
4316
4317
4162
4819
4320
4321
4322
4323
4324
4824
4326
4327
3829
4828
4330
4830
4829
3840
4334
4335
4336
4337
4827
4838
4340
4836
4789
4343
4344
4345
4845
4347
4847
3856
4350
4351
4352
4353
4354
3860
3857
4357
4358
4359
4360
4361
4362
4363
4364
4576
3867
4367
3869
4862
4868
4870
4372
4373
4374
4375
3878
4377
4378
3880
4285
4880
4882
4383
4384
4385
4386
3992
4886
3961
3891
4890
3895
4703
4892
4395
4483
3898
4504
4897
3901
4401
4402
4403
4404
4903
4406
4905
4408
4901
4410
4411
4412
4881
4913
4415
4416
4417
4833
4914
4420
4921
4910
4423
4424
4003
4904
4427
3983
4928
4430
4431
4432
4433
4434
4435
3937
4437
4569
4152
4440
4012
3947
3944
4444
4445
4446
4447
4448
4449
4450
4451
4452
4453
4953
4954
4011
3958
3959
4459
4460
3962
4462
4463
4963
4465
4965
4467
4468
4968
4470
3972
4611
4964
4474
4475
4949
4617
4478
4479
4480
3982
4482
4396
4484
4485
3987
4487
4488
4981
4988
4491
4492
4493
4125
4495
4496
4497
4304
4499
4001
4501
4034
4048
4398
4006
4027
4507
4943
4010
4268
4511
4016
4586
4017
4515
4516
4517
4518
4020
4520
4763
4522
4523
4984
4525
4907
4527
4528
4529
4178
4531
4668
4035
4534
4036
4038
4537
4538
4539
4884
4541
4542
4543
4045
4050
4546
4547
4063
4549
4606
4078
4552
4553
4302
4555
4057
4180
4059
4559
4899
4561
4562
4563
4564
4565
4566
4567
4568
4438
4570
4571
4073
4573
4574
4575
4365
4577
4578
4579
4969
4581
4582
4084
4584
4585
4513
4650
4738
4589
4093
4591
4592
4593
4748
4139
4100
4597
4099
4599
4600
4962
4602
4104
4604
4605
4550
4118
4109
4609
4610
4472
4612
4613
4614
4615
4616
4477
4992
4120
4620
4621
4123
4929
4624
4625
4129
4627
4143
4629
4630
4631
4133
4633
4634
4219
4751
4138
4796
4639
4640
4641
4306
4643
4941
4645
4646
4647
4648
4649
4587
4947
4652
5000
4654
4163
4656
4657
4658
4659
4660
4204
4181
4663
4664
4665
4666
4956
4532
4669
4670
4671
4672
4673
4215
4675
4676
4677
4678
4679
4680
4681
4682
4683
4184
4685
4686
4687
4688
4689
4216
4192
4692
4693
4694
4241
4696
4697
4698
4699
4700
4701
4702
4393
4704
4272
4706
4707
4853
4254
4210
4711
4712
4713
4714
4715
4716
4717
4718
4719
4720
4721
4223
4723
4724
4725
4726
4231
4728
4729
4857
4731
4732
4733
4734
4735
4736
4737
4588
4739
4818
4741
4742
4842
4744
4745
4746
4747
4594
4749
4251
4636
4253
4753
4754
4282
4756
4757
4957
4263
4760
4761
4762
4521
4764
4266
4766
4983
4269
4769
4770
4771
4772
4773
4774
4775
4776
4278
4948
4779
4780
4781
4782
4284
4784
4785
4786
4288
4788
4342
4790
4791
4792
4793
4794
4795
4638
4797
4798
4300
4800
4801
4802
4803
4804
4311
4307
4866
4808
4809
4810
4811
4971
4813
4814
4859
4816
4817
4740
4319
4820
4821
4822
4823
4325
4825
4945
4338
4329
4332
4331
4831
4832
4418
4834
4835
4341
4837
4339
4839
4840
4841
4743
4843
4844
4346
4846
4348
4848
4849
4850
4875
4852
4708
4854
4855
4856
4730
4858
4815
4860
4861
4369
4863
4864
4865
4807
4867
4370
4869
4371
4871
4872
4873
4938
4851
4876
4877
4878
4879
4381
4413
4382
4883
4540
4885
4388
4887
4888
4889
4391
4979
4394
4893
4894
4895
4896
4399
4898
4560
4900
4409
4902
4405
4426
4407
4906
4526
4999
4909
4422
4911
4912
4414
4419
4959
4916
4917
4918
4919
4920
4421
4922
4923
4924
4925
4926
4927
4429
4623
4930
4935
4932
4933
4934
4931
4936
4937
4874
4939
4940
4644
4994
4508
4944
4826
4946
4651
4778
4476
4950
4951
4952
4454
4455
4955
4667
4758
4958
4915
4960
4961
4601
4464
4473
4466
4966
4967
4469
4580
4970
4812
4972
4973
4974
4975
4976
4977
4978
4891
4980
4489
4982
4767
4524
4985
4986
4987
4490
4989
4990
4991
4618
4993
4942
4995
4998
4997
4996
4908
4653
