1
86
256
183
162
144
32
8
9
10
188
19
303
239
150
297
62
100
12
20
220
22
108
231
25
95
27
215
29
39
268
7
33
34
84
36
97
304
30
233
46
42
43
278
45
41
47
267
74
290
51
196
160
106
110
56
184
293
69
263
61
17
63
72
138
67
66
68
59
70
71
64
294
49
75
85
122
250
286
313
357
82
83
35
76
2
120
101
232
90
91
92
107
161
26
367
37
353
99
18
88
191
182
201
245
54
93
23
109
55
111
270
113
114
213
116
238
282
119
87
121
77
123
337
125
126
190
128
362
240
338
222
181
406
135
320
137
65
139
140
396
142
422
6
329
445
147
148
315
15
151
152
409
255
322
156
157
321
159
53
94
5
424
164
276
442
351
405
301
326
328
172
173
453
179
266
291
365
175
386
133
103
4
57
436
415
360
11
289
127
102
333
193
383
241
52
335
468
494
246
104
411
247
204
431
471
275
412
209
226
211
219
115
214
28
446
404
401
212
21
344
132
223
224
300
210
376
384
229
373
24
89
40
399
499
461
237
117
14
130
195
242
372
408
105
200
203
398
249
78
432
252
292
272
154
3
257
258
259
325
488
356
60
370
512
176
48
31
269
112
452
254
559
522
207
165
395
44
407
280
433
118
491
284
402
79
287
332
189
50
177
253
58
73
428
296
16
298
478
225
169
375
13
38
305
306
350
573
309
466
311
547
80
562
149
537
317
318
450
136
158
155
498
417
260
170
327
171
145
355
331
288
192
469
197
591
124
131
389
368
493
632
489
221
345
346
520
533
371
307
167
352
98
639
330
262
81
358
492
187
454
129
363
535
178
381
96
340
465
264
349
243
230
374
302
227
441
378
487
550
366
601
194
228
541
180
387
388
339
636
391
572
516
394
277
141
648
248
234
400
218
285
403
217
168
134
279
244
153
444
202
208
413
495
186
693
324
707
681
662
675
143
448
163
484
673
579
295
542
603
205
251
281
682
674
185
437
552
501
701
377
166
630
410
146
216
555
423
485
319
451
271
174
361
502
708
538
458
695
618
236
462
567
706
369
310
631
198
334
470
206
472
587
490
475
540
714
299
611
510
716
654
627
425
449
620
379
261
343
474
283
359
341
199
414
724
689
323
235
633
439
455
523
698
767
588
658
508
509
480
763
265
773
624
650
393
517
531
728
347
554
274
503
524
652
621
527
774
665
530
518
813
348
534
364
575
316
457
793
476
385
429
727
544
663
761
312
548
833
380
818
438
670
521
447
772
852
737
273
757
740
314
853
824
744
566
463
844
598
609
752
392
308
765
536
867
577
597
427
760
604
582
811
644
850
788
473
506
784
799
336
704
655
594
595
635
578
569
764
746
382
732
430
581
605
804
717
608
570
864
479
779
865
790
734
656
759
460
874
486
526
739
623
514
898
832
483
719
926
443
467
342
500
713
596
390
887
638
354
892
748
780
936
584
781
860
800
397
942
515
868
525
688
482
593
616
657
507
677
953
891
420
545
672
529
961
667
848
669
553
750
664
426
435
421
676
659
678
969
897
419
434
683
893
875
986
843
653
497
756
795
974
416
980
459
923
745
504
993
913
440
702
812
592
805
464
418
456
925
989
733
712
634
477
715
481
607
888
628
720
806
722
861
496
725
846
543
519
901
775
880
602
711
615
866
859
558
822
622
561
870
742
743
565
697
600
747
641
996
671
751
571
786
931
900
690
560
828
617
580
546
762
511
599
574
809
505
940
817
952
771
556
513
528
730
814
829
879
612
642
645
782
845
589
876
753
983
586
941
614
791
919
539
825
691
956
935
967
590
647
911
802
920
606
705
721
964
922
766
975
583
703
532
776
815
838
769
551
819
820
908
738
990
564
794
826
977
758
777
999
831
626
549
982
835
949
837
816
839
976
916
945
687
568
783
726
904
668
849
585
851
557
563
896
855
856
857
858
736
646
723
862
951
610
613
735
576
651
869
741
871
872
973
619
685
785
877
878
778
731
881
882
970
884
997
899
637
718
889
890
661
640
684
894
895
854
680
625
886
755
729
958
917
847
979
915
927
821
909
924
801
912
700
928
906
841
903
918
792
803
963
808
696
910
709
629
907
914
938
984
754
932
933
934
797
643
937
929
939
768
789
649
962
944
842
946
947
948
836
987
863
770
660
954
978
796
957
902
959
960
666
943
921
807
995
966
798
968
679
883
971
972
873
692
810
840
827
955
905
694
981
834
787
930
985
686
950
988
710
823
991
992
699
994
965
749
885
998
830
1000
